X_sc	Y_z_pred	Y_z_sc
240.0,-18.7,-118.7,-218.4,-300.0,-320.0,4.0,-0.01749999999999996,4.0	-0.2004771616781076,-1.189617676229206,-2.184851155024605,-3.0042941826911043,-3.2023860944576428	-0.201,-1.187,-2.183,-2.9990000000000006,-3.196
240.0,-20.1,-118.7,-218.29999999999998,-299.90000000000003,-319.6,3.93,-0.01750000000000007,4.0	-0.21032743381143834,-1.192139606021561,-2.1821329535873524,-2.9988746404709934,-3.196410538895094	-0.21099999999999997,-1.191,-2.183,-2.9990000000000006,-3.193
240.0,-21.099999999999998,-119.10000000000001,-218.29999999999998,-299.90000000000003,-319.3,3.86,-0.01749999999999996,4.0	-0.22010362023903446,-1.1970316708372466,-2.1832405821872376,-2.996953209965821,-3.193211053475856	-0.221,-1.198,-2.185,-2.997,-3.19
240.0,-22.1,-119.8,-218.5,-299.7,-319.0,3.79,-0.01749999999999996,4.0	-0.22983700713146496,-1.2043929897935157,-2.1869546545566805,-2.9954987013263144,-3.18964823879711	-0.231,-1.207,-2.188,-2.9960000000000004,-3.187
240.0,-23.1,-120.7,-218.8,-299.6,-318.7,3.72,-0.01750000000000007,4.0	-0.23998690003739054,-1.2132773748803918,-2.192754456772265,-2.995134443235873,-3.1869752134785703	-0.241,-1.216,-2.193,-2.9960000000000004,-3.185
240.0,-24.099999999999998,-121.6,-219.3,-299.6,-318.5,3.65,-0.01749999999999996,4.0	-0.25019702971407276,-1.2229803553084329,-2.199764645546146,-2.995987372720366,-3.1851750588623005	-0.251,-1.225,-2.2,-2.9960000000000004,-3.1829999999999994
240.0,-25.1,-122.50000000000001,-220.00000000000003,-299.6,-318.29999999999995,3.58,0.012499999999999956,4.0	-0.24919732650624635,-1.2327870308257272,-2.2078159510568973,-2.997694912568337,-3.183404752032325	-0.252,-1.234,-2.207,-2.998,-3.1829999999999994
240.0,-25.2,-123.4,-220.7,-299.8,-318.29999999999995,3.63,0.03500000000000003,4.0	-0.23601317807628824,-1.2371771564089797,-2.21498185633943,-2.9997019836679213,-3.1824391885127206	-0.23799999999999996,-1.242,-2.216,-3.0009999999999994,-3.185
240.0,-23.799999999999997,-124.2,-221.60000000000002,-300.09999999999997,-318.5,3.77,0.03749999999999998,4.0	-0.2180383154872828,-1.2377291269404678,-2.223790104197767,-3.005540108098334,-3.1850728152284598	-0.22,-1.242,-2.224,-3.006,-3.1889999999999996
240.0,-22.0,-124.2,-222.40000000000003,-300.59999999999997,-318.9,3.92,0.03499999999999992,4.0	-0.19991889838513838,-1.2320264204464708,-2.228103012869094,-3.012079578878543,-3.190235139862405	-0.20200000000000004,-1.235,-2.23,-3.011,-3.194
240.0,-20.200000000000003,-123.50000000000001,-223.0,-301.1,-319.4,4.06,0.03750000000000009,4.0	-0.18049070460357314,-1.2214792619147141,-2.2277176802214043,-3.017686467860078,-3.1961667256338315	-0.182,-1.223,-2.231,-3.0179999999999993,-3.201
240.0,-18.2,-122.30000000000001,-223.1,-301.79999999999995,-320.1,4.21,0.03499999999999992,3.98	-0.1617142203116243,-1.2060783707159393,-2.2228751567254887,-3.0233062569285196,-3.2044179931831884	-0.162,-1.207,-2.227,-3.0239999999999996,-3.208
240.0,-16.2,-120.7,-222.7,-302.4,-320.8,4.35,-0.0024999999999999467,3.93	-0.1552030313220632,-1.1893870543799063,-2.2142050645756735,-3.0271085517006737,-3.2115476788735005	-0.155,-1.19,-2.219,-3.028,-3.214
240.0,-15.5,-119.0,-221.89999999999998,-302.8,-321.4,4.34,-0.01750000000000007,3.88	-0.1584470461032135,-1.178560064138803,-2.2042925024285225,-3.0285196632226903,-3.218051954342211	-0.158,-1.175,-2.207,-3.028,-3.219
240.0,-15.8,-117.5,-220.7,-302.8,-321.9,4.27,-0.01749999999999985,3.89	-0.16546204422053076,-1.1719859777609272,-2.1918250511996114,-3.0259886078391194,-3.223356130469129	-0.166,-1.169,-2.193,-3.025,-3.224
240.0,-16.6,-116.9,-219.3,-302.5,-322.40000000000003,4.2,-0.01750000000000007,3.94	-0.17409110523544316,-1.170583726181403,-2.1813539302747786,-3.0213593053709604,-3.227935282390794	-0.174,-1.167,-2.182,-3.02,-3.227
240.0,-17.4,-116.7,-218.2,-302.0,-322.7,4.13,-0.01750000000000007,3.99	-0.18293735821241414,-1.1718708509940727,-2.1743934157807083,-3.016748324193052,-3.230220048966913	-0.183,-1.17,-2.175,-3.016,-3.227
240.0,-18.3,-117.0,-217.49999999999997,-301.6,-322.7,4.06,-0.01749999999999985,4.0	-0.192143911732,-1.1758281723690527,-2.1719559782394158,-3.0129471304251343,-3.2289588963082894	-0.192,-1.175,-2.171,-3.012,-3.2230000000000003
240.0,-19.2,-117.5,-217.1,-301.2,-322.3,3.99,-0.010000000000000009,4.0	-0.19905536158856849,-1.1808833281075022,-2.1721057710968257,-3.009269441154301,-3.224306102672724	-0.2,-1.181,-2.171,-3.008,-3.218
240.0,-20.0,-118.10000000000001,-217.1,-300.8,-321.8,3.95,-0.0050000000000000044,4.0	-0.20315153657269808,-1.1860130109810956,-2.174100705948226,-3.0055856211212015,-3.217982283977063	-0.204,-1.188,-2.173,-3.005,-3.211
240.0,-20.4,-118.8,-217.3,-300.5,-321.09999999999997,3.93,-0.0050000000000000044,4.0	-0.2064508357692728,-1.1910323013305872,-2.17806411260512,-3.003136756631037,-3.2109162846425594	-0.20800000000000002,-1.195,-2.177,-3.003,-3.205
240.0,-20.8,-119.5,-217.70000000000002,-300.3,-320.5,3.91,-0.0050000000000000044,4.0	-0.20981064861023285,-1.1964586860780302,-2.1829562167869305,-3.0017492154273056,-3.2048490306139494	-0.21099999999999997,-1.199,-2.183,-3.0009999999999994,-3.199
240.0,-21.099999999999998,-119.9,-218.29999999999998,-300.09999999999997,-319.9,3.89,-0.007500000000000062,4.0	-0.2136719882712403,-1.200618073029093,-2.187298634524989,-3.000485627560895,-3.198668940414385	-0.215,-1.204,-2.188,-3.0,-3.195
240.0,-21.5,-120.39999999999999,-218.8,-300.0,-319.5,3.86,-0.0050000000000000044,4.0	-0.21707397372241768,-1.2053980885985076,-2.1917682629157214,-3.000357342535519,-3.194870547942681	-0.218,-1.208,-2.192,-3.0,-3.1920000000000006
240.0,-21.8,-120.8,-219.20000000000002,-300.0,-319.20000000000005,3.84,-0.007499999999999951,4.0	-0.22094807262568428,-1.2089474009772436,-2.195292563508259,-3.00041715521864,-3.19223093331852	-0.222,-1.211,-2.196,-3.0,-3.191
240.0,-22.2,-121.10000000000001,-219.60000000000002,-300.0,-319.09999999999997,3.81,-0.007500000000000062,4.0	-0.22511306857842028,-1.2128158824900546,-2.198572656597395,-3.000941122794986,-3.1911437471785113	-0.226,-1.216,-2.201,-3.0009999999999994,-3.19
240.0,-22.6,-121.6,-220.1,-300.09999999999997,-319.0,3.78,-0.0050000000000000044,4.0	-0.2287503748989041,-1.2182316844886762,-2.203849279652992,-3.0024476038059964,-3.190621685750212	-0.23,-1.22,-2.205,-3.003,-3.191
240.0,-23.0,-122.0,-220.5,-300.3,-319.09999999999997,3.76,-0.007499999999999951,4.0	-0.23268825450384614,-1.2216158593565076,-2.2066258646546557,-3.0044258132529054,-3.1911655330233435	-0.234,-1.223,-2.209,-3.005,-3.193
240.0,-23.400000000000002,-122.30000000000001,-220.9,-300.5,-319.3,3.73,-0.007499999999999951,4.0	-0.23701285203868167,-1.2256856914473875,-2.209954605257585,-3.0068453471430763,-3.1928631774055263	-0.23799999999999996,-1.227,-2.213,-3.008,-3.196
240.0,-23.799999999999997,-122.7,-221.3,-300.8,-319.6,3.7,-0.0050000000000000044,4.0	-0.24048722077184653,-1.230173339853153,-2.213940412902192,-3.0102415647003333,-3.1960025547933713	-0.242,-1.231,-2.217,-3.011,-3.199
240.0,-24.2,-123.10000000000001,-221.70000000000002,-301.1,-319.9,3.68,-0.02750000000000008,4.0	-0.25154137119220626,-1.234179534371162,-2.2173773020849263,-3.013011918897778,-3.1984830020191364	-0.253,-1.235,-2.22,-3.015,-3.204
240.0,-25.3,-123.50000000000001,-222.00000000000003,-301.5,-320.40000000000003,3.57,-0.03499999999999992,4.0	-0.26858453878435073,-1.2415169205128125,-2.220728680234275,-3.017657507438538,-3.20401647519745	-0.27,-1.241,-2.224,-3.019,-3.21
240.0,-27.0,-124.10000000000001,-222.40000000000003,-301.90000000000003,-321.0,3.43,-0.03500000000000003,3.99	-0.28755828468979217,-1.2518160112938188,-2.2250730005168946,-3.022376077639923,-3.2095436229812235	-0.289,-1.251,-2.228,-3.025,-3.214
240.0,-28.9,-125.1,-222.8,-302.5,-321.4,3.29,-0.03500000000000003,3.94	-0.3078027073065156,-1.263867716054551,-2.231433955560372,-3.027428428594238,-3.2131201863188164	-0.309,-1.264,-2.234,-3.03,-3.218
240.0,-30.9,-126.4,-223.4,-303.0,-321.8,3.15,-0.03500000000000003,3.89	-0.3286009470793527,-1.2786380025213528,-2.2403577625934212,-3.0332372956681892,-3.216353937155743	-0.32899999999999996,-1.28,-2.243,-3.035,-3.22
240.0,-32.9,-128.0,-224.29999999999998,-303.5,-322.0,3.01,-0.03499999999999992,3.81	-0.35010985786291615,-1.2958031762786377,-2.2526949230406617,-3.0400199390574163,-3.2176800380253057	-0.35,-1.297,-2.255,-3.0409999999999995,-3.221
240.0,-35.0,-129.7,-225.5,-304.09999999999997,-322.1,2.87,0.010000000000000009,3.74	-0.35448747835806715,-1.3150763566559138,-2.2676920726039937,-3.047173562161056,-3.2190878797569047	-0.353,-1.3159999999999998,-2.268,-3.0469999999999997,-3.221
240.0,-35.3,-131.6,-226.79999999999998,-304.7,-322.1,2.91,0.012499999999999956,3.67	-0.3506782387076015,-1.328103482495888,-2.2843238447424827,-3.0541903789405582,-3.219018228186324	-0.349,-1.331,-2.284,-3.054,-3.221
240.0,-34.9,-133.1,-228.39999999999998,-305.4,-322.1,2.96,0.012499999999999956,3.61	-0.3449011569210852,-1.3378977378313908,-2.3012196324834076,-3.0631610215522396,-3.220550724254538	-0.344,-1.339,-2.3,-3.062,-3.2230000000000003
240.0,-34.4,-133.9,-229.99999999999997,-306.2,-322.3,3.01,0.010000000000000009,3.54	-0.3393469645717413,-1.342743439535991,-2.3143650683843164,-3.071677408003698,-3.223179823702893	-0.338,-1.342,-2.314,-3.071,-3.2260000000000004
240.0,-33.800000000000004,-134.20000000000002,-231.4,-307.1,-322.6,3.05,0.012500000000000067,3.47	-0.33252812381372693,-1.3436954235162841,-2.3240589737460433,-3.0798679270765774,-3.2270885199561423	-0.332,-1.341,-2.325,-3.079,-3.23
240.0,-33.2,-134.1,-232.50000000000003,-307.90000000000003,-323.0,3.1,0.010000000000000009,3.39	-0.3262245032294649,-1.3413237799367215,-2.3301563530483924,-3.0863695845081485,-3.2307859542933617	-0.326,-1.338,-2.331,-3.088,-3.234
240.0,-32.6,-133.8,-233.1,-308.8,-323.4,3.14,-0.015000000000000013,3.3	-0.32967142208461797,-1.335897190891755,-2.3324818295704275,-3.092360948580705,-3.2348449134405386	-0.32899999999999996,-1.334,-2.334,-3.095,-3.238
240.0,-32.9,-133.4,-233.4,-309.5,-323.8,3.08,-0.01750000000000007,3.21	-0.33819206315393474,-1.3339205474638407,-2.3324325760223767,-3.0972068159031947,-3.2389846710589563	-0.337,-1.33,-2.333,-3.1,-3.242
240.0,-33.7,-133.0,-233.3,-310.0,-324.2,3.01,-0.019999999999999907,3.16	-0.3494625387962518,-1.3329317683875173,-2.32908647532292,-3.099174723666906,-3.242218113715919	-0.348,-1.332,-2.331,-3.103,-3.245
240.0,-34.8,-133.20000000000002,-233.1,-310.3,-324.5,2.93,-0.020000000000000018,3.12	-0.3617127395682937,-1.3370699651565214,-2.3281165463542894,-3.100436234796543,-3.2442688509815203	-0.359,-1.337,-2.331,-3.1040000000000005,-3.247
240.0,-35.9,-133.7,-233.1,-310.40000000000003,-324.7,2.85,-0.01750000000000007,3.1	-0.372395228869177,-1.3442892191236862,-2.3296413032300256,-3.101711976354632,-3.2455623943889016	-0.369,-1.344,-2.331,-3.105,-3.248
240.0,-36.9,-134.4,-233.1,-310.5,-324.8,2.78,-0.019999999999999907,3.08	-0.3838777108616722,-1.352339136574093,-2.3322138678106477,-3.103167311049735,-3.2465093229559643	-0.381,-1.3530000000000002,-2.335,-3.105,-3.248
240.0,-38.1,-135.3,-233.5,-310.5,-324.8,2.7,0.022499999999999964,3.07	-0.3778763720564767,-1.3636104651027516,-2.33856972268239,-3.104748501727175,-3.247311256757968	-0.376,-1.3630000000000002,-2.34,-3.106,-3.247
240.0,-37.6,-136.3,-234.0,-310.59999999999997,-324.7,2.79,0.03500000000000003,3.05	-0.3606130087487189,-1.3682734365505211,-2.347465528497925,-3.106165847435425,-3.246281757670059	-0.36,-1.371,-2.348,-3.108,-3.2460000000000004
240.0,-36.0,-137.1,-234.79999999999998,-310.8,-324.6,2.93,0.03749999999999998,3.03	-0.3394315435499688,-1.3688703031669558,-2.3582345300980063,-3.109842767329298,-3.2462706337739906	-0.341,-1.369,-2.356,-3.111,-3.2460000000000004
240.0,-34.1,-136.9,-235.6,-311.1,-324.6,3.08,0.03500000000000003,3.01	-0.31940553547730555,-1.3613199768006194,-2.3638776252132265,-3.1131083094413317,-3.246751249229472	-0.322,-1.36,-2.362,-3.115,-3.2460000000000004
240.0,-32.2,-136.0,-236.20000000000002,-311.5,-324.6,3.22,0.03749999999999998,2.98	-0.2995814150651082,-1.3482260386482363,-2.3646798155730457,-3.115568176039106,-3.247640097697814	-0.301,-1.347,-2.363,-3.119,-3.248
240.0,-30.099999999999998,-134.7,-236.3,-311.90000000000003,-324.8,3.37,0.03749999999999998,2.95	-0.27898484681249236,-1.331403657263091,-2.360715667967769,-3.117351680551124,-3.25052055413918	-0.28,-1.33,-2.358,-3.1210000000000004,-3.2509999999999994
240.0,-28.000000000000004,-133.0,-235.8,-312.1,-325.09999999999997,3.52,-0.022499999999999964,2.93	-0.2789499449601635,-1.3115585579180973,-2.3510228211261013,-3.117675024956002,-3.253733281144763	-0.28,-1.3120000000000003,-2.348,-3.122,-3.2539999999999996
240.0,-28.000000000000004,-131.20000000000002,-234.79999999999998,-312.2,-325.4,3.43,-0.057499999999999996,2.93	-0.3016000342334596,-1.3002434784346877,-2.3361614617323863,-3.116523437815565,-3.2574890851584577	-0.303,-1.296,-2.334,-3.12,-3.2569999999999997
240.0,-30.3,-129.6,-233.4,-312.0,-325.7,3.2,-0.05500000000000005,2.93	-0.3333292751758758,-1.2979876928359706,-2.317436425430883,-3.1101259689617358,-3.2577436488142104	-0.331,-1.295,-2.319,-3.116,-3.258
240.0,-33.1,-129.5,-231.9,-311.6,-325.8,2.98,-0.057499999999999996,2.96	-0.3689504867422688,-1.3060927315634399,-2.3052216263674503,-3.103040607093685,-3.25589468188422	-0.36199999999999993,-1.306,-2.307,-3.109,-3.2569999999999997
240.0,-36.199999999999996,-130.6,-230.7,-310.9,-325.7,2.75,-0.05500000000000005,2.99	-0.40440831479223505,-1.3233739399725186,-2.3012136782499404,-3.0971179813492693,-3.252061360184029	-0.397,-1.324,-2.304,-3.102,-3.2539999999999996
240.0,-39.7,-132.4,-230.39999999999998,-310.2,-325.4,2.53,-0.057499999999999996,3.05	-0.44221345105624027,-1.3474017513944196,-2.3047514635362805,-3.0933922732686767,-3.247220687487653	-0.439,-1.348,-2.309,-3.096,-3.2490000000000006
240.0,-43.9,-134.8,-230.9,-309.6,-324.90000000000003,2.3,0.0675,3.11	-0.4212603195009206,-1.3768927089865854,-2.3182392831669514,-3.091186291814879,-3.2434109105111046	-0.425,-1.3769999999999998,-2.321,-3.093,-3.2430000000000003
240.0,-42.5,-137.7,-232.10000000000002,-309.3,-324.3,2.57,0.09000000000000008,3.12	-0.37400190114811255,-1.3910994149362639,-2.341450899655078,-3.092129113161113,-3.23782812012435	-0.375,-1.399,-2.338,-3.095,-3.239
240.0,-37.5,-139.9,-233.8,-309.5,-323.9,2.93,0.08749999999999991,3.12	-0.32258708478345866,-1.3929627755762701,-2.3681877327892407,-3.102349086047223,-3.2392512620843092	-0.327,-1.3969999999999998,-2.36,-3.099,-3.236
240.0,-32.7,-139.7,-236.0,-309.90000000000003,-323.6,3.28,0.08750000000000002,3.1	-0.27680024531945874,-1.3774945346247602,-2.3839527425148366,-3.110029692806926,-3.238519063392853	-0.279,-1.375,-2.375,-3.1070000000000007,-3.236
240.0,-27.900000000000002,-137.5,-237.5,-310.70000000000005,-323.6,3.63,0.09000000000000008,3.05	-0.2301560799388773,-1.3462842475796697,-2.383853767773653,-3.1156721738916793,-3.2412407138361248	-0.231,-1.34,-2.378,-3.116,-3.239
240.0,-23.1,-134.0,-237.8,-311.6,-323.9,3.99,0.08749999999999991,2.99	-0.1833314596701302,-1.3000304468118677,-2.3677495655658616,-3.1176909324349187,-3.245030486841384	-0.183,-1.298,-2.368,-3.123,-3.245
240.0,-18.3,-129.8,-236.79999999999998,-312.3,-324.5,4.34,-0.007500000000000062,2.92	-0.16654529888388175,-1.2511712229820757,-2.3440306349211566,-3.1182719538694204,-3.2513627838728167	-0.166,-1.253,-2.344,-3.125,-3.2509999999999994
240.0,-16.6,-125.29999999999998,-234.39999999999998,-312.5,-325.09999999999997,4.31,-0.047499999999999876,2.91	-0.1744025894249223,-1.2183407277434046,-2.3124718454367033,-3.1141731923552998,-3.2585308093569356	-0.177,-1.216,-2.31,-3.12,-3.258
240.0,-17.7,-121.6,-231.0,-312.0,-325.8,4.12,-0.04500000000000004,2.93	-0.19379275763822634,-1.2026358909011803,-2.276865901088068,-3.1020019277811586,-3.2628557646456304	-0.196,-1.199,-2.272,-3.109,-3.26
240.0,-19.6,-119.9,-227.2,-310.9,-326.0,3.94,-0.04749999999999999,2.98	-0.2189138077465704,-1.1990075008360854,-2.2460644500696363,-3.084649267196474,-3.2615285480451344	-0.21899999999999997,-1.197,-2.241,-3.092,-3.256
240.0,-21.9,-119.7,-224.10000000000002,-309.2,-325.59999999999997,3.75,-0.04500000000000004,3.06	-0.24478762251595834,-1.2040603304493296,-2.225003583945461,-3.0662548314409035,-3.2538801806453987	-0.244,-1.205,-2.222,-3.072,-3.2490000000000006
240.0,-24.4,-120.5,-222.2,-307.2,-324.90000000000003,3.57,-0.029999999999999916,3.23	-0.2648621792352102,-1.215560904341741,-2.2144174629659186,-3.049973817619953,-3.2438267042218056	-0.265,-1.219,-2.214,-3.053,-3.239
240.0,-26.5,-121.9,-221.4,-305.3,-323.9,3.45,0.007499999999999951,3.42	-0.26862340291271447,-1.229955769477421,-2.213835950831744,-3.037242698795278,-3.232072117527119	-0.269,-1.237,-2.214,-3.039,-3.231
240.0,-26.900000000000002,-123.70000000000002,-221.4,-303.90000000000003,-323.09999999999997,3.48,0.010000000000000009,3.62	-0.2653197725000363,-1.2427854576415858,-2.221246446621222,-3.031284981450916,-3.224556969630452	-0.267,-1.25,-2.221,-3.032,-3.222
240.0,-26.700000000000003,-125.0,-222.10000000000002,-303.2,-322.2,3.52,0.007499999999999951,3.69	-0.26217629796712305,-1.2519211184821641,-2.2314204897012417,-3.0299447052739783,-3.2167705600836562	-0.264,-1.257,-2.231,-3.031,-3.217
240.0,-26.400000000000002,-125.69999999999999,-223.1,-303.1,-321.7,3.55,0.007500000000000062,3.76	-0.25901738804716873,-1.2571225092749434,-2.2396034904130597,-3.0318858838947618,-3.213943855728882	-0.261,-1.26,-2.239,-3.032,-3.214
240.0,-26.1,-126.0,-223.89999999999998,-303.2,-321.4,3.58,0.007499999999999951,3.77	-0.2555590886666572,-1.2588762101489326,-2.2449556113945373,-3.033631230471263,-3.2118005813989283	-0.256,-1.261,-2.246,-3.035,-3.214
240.0,-25.6,-126.1,-224.6,-303.5,-321.4,3.61,0.0050000000000000044,3.77	-0.252454236371016,-1.2587947035593539,-2.2492367808063656,-3.0371873919898436,-3.212940638380167	-0.253,-1.259,-2.251,-3.039,-3.216
240.0,-25.3,-125.89999999999999,-225.1,-303.90000000000003,-321.6,3.63,-0.0050000000000000044,3.74	-0.2530795384778852,-1.2567150184427909,-2.25081656652802,-3.0402222909473546,-3.2148143760111223	-0.254,-1.257,-2.253,-3.043,-3.218
240.0,-25.4,-125.69999999999999,-225.3,-304.3,-321.8,3.61,-0.007499999999999951,3.71	-0.2562650536588239,-1.255650551143927,-2.2508357428662378,-3.0425920423442756,-3.217035325560273	-0.257,-1.255,-2.253,-3.046,-3.221
240.0,-25.7,-125.49999999999999,-225.3,-304.59999999999997,-322.1,3.58,-0.007500000000000062,3.68	-0.2599414778877558,-1.255132984016062,-2.249773509033769,-3.0441852759934425,-3.219634397393064	-0.261,-1.255,-2.252,-3.049,-3.222
240.0,-26.1,-125.49999999999999,-225.2,-304.9,-322.2,3.55,-0.007499999999999951,3.63	-0.2641336034712625,-1.2554533455157073,-2.249287903680285,-3.0448896806864405,-3.2201933932980205	-0.265,-1.257,-2.252,-3.05,-3.2230000000000003
240.0,-26.5,-125.69999999999999,-225.2,-305.0,-322.3,3.52,-0.0050000000000000044,3.61	-0.26742474430010754,-1.2579283251539155,-2.250342038691567,-3.045676210090643,-3.2209117329674855	-0.268,-1.26,-2.253,-3.05,-3.2230000000000003
240.0,-26.8,-126.0,-225.3,-305.0,-322.3,3.5,-0.007499999999999951,3.59	-0.2712075111225201,-1.2609842461539085,-2.2525267954874564,-3.046258947170645,-3.2204955495805887	-0.272,-1.263,-2.254,-3.05,-3.2230000000000003
240.0,-27.200000000000003,-126.29999999999998,-225.4,-305.0,-322.3,3.47,-0.007500000000000062,3.59	-0.27545996648111565,-1.2644770108994623,-2.2544450740863056,-3.0468567917107117,-3.2205107031708993	-0.276,-1.266,-2.256,-3.05,-3.2230000000000003
240.0,-27.6,-126.6,-225.59999999999997,-305.0,-322.3,3.44,-0.007499999999999951,3.59	-0.2796808382803396,-1.2681835045878815,-2.2568515824987667,-3.0476997055204778,-3.2204742826994015	-0.28,-1.27,-2.259,-3.051,-3.2230000000000003
240.0,-28.000000000000004,-127.0,-225.89999999999998,-305.1,-322.3,3.41,-0.007500000000000062,3.59	-0.28403593395859744,-1.2724660078658827,-2.260271006283448,-3.049355387261772,-3.220814992395136	-0.285,-1.274,-2.262,-3.052,-3.2230000000000003
240.0,-28.499999999999996,-127.4,-226.2,-305.2,-322.3,3.38,-0.0050000000000000044,3.59	-0.2876917704173009,-1.2768524687207006,-2.2634738638072456,-3.0506205126131416,-3.220874852239707	-0.288,-1.278,-2.265,-3.053,-3.224
240.0,-28.799999999999997,-127.8,-226.5,-305.3,-322.40000000000003,3.36,-0.007499999999999951,3.57	-0.2915003524160326,-1.2808679945805332,-2.267236521369579,-3.0526845176349378,-3.2216176304290225	-0.292,-1.281,-2.268,-3.056,-3.224
240.0,-29.2,-128.1,-226.79999999999998,-305.6,-322.40000000000003,3.33,0.0024999999999999467,3.55	-0.292376187445497,-1.283961761406257,-2.2701974011728283,-3.0546658406759906,-3.2221797035225426	-0.294,-1.285,-2.272,-3.0579999999999994,-3.224
240.0,-29.4,-128.5,-227.2,-305.79999999999995,-322.40000000000003,3.34,0.020000000000000018,3.53	-0.2854912083739693,-1.2868511044695863,-2.274254890014272,-3.055923689615798,-3.2218445714182864	-0.286,-1.2890000000000001,-2.276,-3.06,-3.225
240.0,-28.599999999999998,-128.9,-227.59999999999997,-306.0,-322.5,3.42,0.022499999999999964,3.5	-0.27428758173702955,-1.28675838513372,-2.2794599791233403,-3.0587368147630216,-3.222901425069931	-0.275,-1.2890000000000001,-2.28,-3.062,-3.225
240.0,-27.500000000000004,-128.9,-227.99999999999997,-306.2,-322.5,3.51,0.020000000000000018,3.48	-0.2632204944553991,-1.283126685534778,-2.2824802109599,-3.060980276856776,-3.223439722693806	-0.264,-1.284,-2.283,-3.0639999999999996,-3.2260000000000004
240.0,-26.400000000000002,-128.4,-228.29999999999998,-306.4,-322.6,3.59,0.022500000000000075,3.46	-0.25113348025126486,-1.2762131437512019,-2.2821897962512767,-3.062600956888616,-3.224617068772123	-0.252,-1.277,-2.283,-3.066,-3.227
240.0,-25.2,-127.69999999999999,-228.29999999999998,-306.59999999999997,-322.7,3.68,0.019999999999999907,3.44	-0.23953532239947858,-1.2668097900061315,-2.279186984795325,-3.0631788247641696,-3.225719865116097	-0.24,-1.268,-2.28,-3.068,-3.228
240.0,-24.0,-126.8,-227.99999999999997,-306.8,-322.8,3.76,0.015000000000000013,3.43	-0.22983809148905382,-1.255771351352773,-2.2735417902766724,-3.063075085254842,-3.2272749751877985	-0.23,-1.258,-2.275,-3.068,-3.2290000000000005
240.0,-23.0,-125.8,-227.5,-306.8,-322.90000000000003,3.82,-0.012499999999999956,3.42	-0.23019386463248043,-1.2456608568647645,-2.266629721565522,-3.0618037464983177,-3.228179246665203	-0.231,-1.247,-2.268,-3.0670000000000006,-3.23
240.0,-23.1,-124.70000000000002,-226.79999999999998,-306.70000000000005,-323.0,3.77,-0.010000000000000009,3.41	-0.23428210971301702,-1.239375974723233,-2.2575035041482927,-3.0592156826301227,-3.228974631904424	-0.235,-1.24,-2.259,-3.0639999999999996,-3.2290000000000005
240.0,-23.5,-124.0,-225.89999999999998,-306.4,-322.90000000000003,3.73,-0.012499999999999956,3.42	-0.2400116020879626,-1.2356329814184845,-2.248645303126644,-3.0540747947356324,-3.227123684590678	-0.241,-1.238,-2.251,-3.06,-3.228
240.0,-24.099999999999998,-123.8,-225.1,-306.0,-322.8,3.68,-0.010000000000000009,3.44	-0.24576968428441479,-1.2359662510355067,-2.2428896910753426,-3.049507287038855,-3.2253442715132103	-0.247,-1.239,-2.244,-3.054,-3.225
240.0,-24.7,-123.9,-224.40000000000003,-305.4,-322.5,3.64,-0.012500000000000067,3.48	-0.25234407431406763,-1.2382963543210586,-2.2390278646972326,-3.0440811599398496,-3.2215606965351653	-0.253,-1.241,-2.241,-3.049,-3.221
240.0,-25.3,-124.10000000000001,-224.10000000000002,-304.9,-322.1,3.59,-0.012499999999999956,3.51	-0.25924268838605047,-1.2419578058481613,-2.238013523716753,-3.040251949790695,-3.217366080840329	-0.26,-1.246,-2.239,-3.0439999999999996,-3.218
240.0,-26.0,-124.6,-223.89999999999998,-304.4,-321.8,3.54,0.0,3.56	-0.26194144145522896,-1.247907985372509,-2.238966161597108,-3.0373849504467305,-3.214509800257549	-0.263,-1.251,-2.24,-3.04,-3.215
240.0,-26.3,-125.1,-224.00000000000003,-304.0,-321.5,3.54,0.0050000000000000044,3.61	-0.2609376564444408,-1.252255017594082,-2.2413084300924577,-3.035201380846346,-3.211374034412512	-0.262,-1.256,-2.243,-3.039,-3.213
240.0,-26.200000000000003,-125.6,-224.29999999999998,-303.90000000000003,-321.3,3.56,0.0050000000000000044,3.64	-0.25893606717152334,-1.2554200549380552,-2.2452524182705136,-3.035643467672982,-3.2100667837676786	-0.259,-1.258,-2.246,-3.0379999999999994,-3.211
240.0,-25.900000000000002,-125.8,-224.6,-303.79999999999995,-321.09999999999997,3.58,0.0050000000000000044,3.65	-0.2563540465721718,-1.2564734198737404,-2.248082681237293,-3.036126998119583,-3.2086518469776104	-0.257,-1.259,-2.25,-3.039,-3.21
240.0,-25.7,-125.89999999999999,-225.0,-303.90000000000003,-321.0,3.6,0.0050000000000000044,3.65	-0.2539297600923197,-1.2566864651169607,-2.2505494783072844,-3.0372052114246855,-3.2079764366528902	-0.254,-1.258,-2.252,-3.04,-3.2090000000000005
240.0,-25.4,-125.8,-225.2,-304.0,-320.90000000000003,3.62,0.01749999999999996,3.63	-0.2467161578365652,-1.2549193737250108,-2.2513264930547745,-3.037727719230193,-3.2071910904718823	-0.247,-1.257,-2.253,-3.0409999999999995,-3.21
240.0,-24.7,-125.69999999999999,-225.3,-304.09999999999997,-321.0,3.69,0.022499999999999964,3.62	-0.23588308063389984,-1.2512298503118413,-2.251564877595592,-3.038511494601747,-3.2078965783428206	-0.237,-1.254,-2.253,-3.042,-3.21
240.0,-23.7,-125.4,-225.3,-304.2,-321.0,3.78,0.022500000000000075,3.61	-0.22414428925685345,-1.2448891974285232,-2.2503006475966467,-3.038710622715008,-3.2079112107239287	-0.22400000000000003,-1.248,-2.253,-3.043,-3.21
240.0,-22.400000000000002,-124.8,-225.3,-304.3,-321.0,3.87,0.022499999999999964,3.6	-0.21168756573733533,-1.2362722213426425,-2.247955239690684,-3.0395305317175625,-3.2085724374737468	-0.212,-1.239,-2.25,-3.043,-3.21
240.0,-21.2,-123.9,-225.0,-304.3,-321.0,3.96,0.02499999999999991,3.59	-0.198215935981309,-1.225344593018784,-2.2422136235579853,-3.038503664865983,-3.2085682739322654	-0.199,-1.229,-2.245,-3.042,-3.211
240.0,-19.900000000000002,-122.9,-224.5,-304.2,-321.09999999999997,4.06,0.022500000000000187,3.6	-0.18516616364058236,-1.2137209068334278,-2.235021884914145,-3.0371070821409467,-3.20963340863164	-0.18600000000000003,-1.218,-2.238,-3.04,-3.211
240.0,-18.6,-121.8,-223.8,-304.0,-321.09999999999997,4.15,0.014999999999999902,3.61	-0.1749834908593035,-1.2020918743826368,-2.2267614478342552,-3.0348688117811946,-3.2100199372399474	-0.175,-1.206,-2.229,-3.037,-3.21
240.0,-17.5,-120.6,-222.9,-303.7,-321.0,4.21,-0.020000000000000018,3.63	-0.17759117844134337,-1.1923053672055848,-2.2175962343382025,-3.031254283159145,-3.209536172349803	-0.17800000000000002,-1.194,-2.22,-3.033,-3.208
240.0,-17.8,-119.39999999999999,-222.00000000000003,-303.3,-320.8,4.13,-0.01750000000000007,3.64	-0.1851713637004334,-1.1879420319376377,-2.2077497145862908,-3.0265538588161713,-3.20798861616065	-0.18600000000000003,-1.187,-2.209,-3.028,-3.205
240.0,-18.6,-118.7,-220.9,-302.8,-320.5,4.06,-0.019999999999999907,3.65	-0.19462356102744663,-1.186029755112437,-2.1981402670235,-3.019104019906923,-3.203907701275061	-0.195,-1.186,-2.199,-3.02,-3.202
240.0,-19.5,-118.6,-219.89999999999998,-302.0,-320.2,3.98,-0.01749999999999996,3.73	-0.20414706242149414,-1.1884434521300382,-2.1915231849386565,-3.0119505092082393,-3.2008310303790672	-0.205,-1.189,-2.192,-3.012,-3.2
240.0,-20.5,-118.9,-219.20000000000002,-301.2,-320.0,3.91,-0.020000000000000018,3.84	-0.21451949633647466,-1.1933935529051785,-2.1878514955327004,-3.0057739028490795,-3.1986893724705516	-0.215,-1.195,-2.19,-3.005,-3.196
240.0,-21.5,-119.5,-219.0,-300.5,-319.6,3.83,-0.01750000000000007,3.88	-0.2243799997505725,-1.200922983778293,-2.1892455069793524,-3.0015155501830395,-3.1940434553078836	-0.225,-1.202,-2.19,-3.002,-3.191
240.0,-22.5,-120.19999999999999,-219.0,-300.2,-319.09999999999997,3.76,-0.019999999999999907,3.9	-0.23526083277446175,-1.208155555158529,-2.1919694841185287,-2.998611275805776,-3.189099097305292	-0.236,-1.211,-2.192,-3.0,-3.1860000000000004
240.0,-23.599999999999998,-121.10000000000001,-219.20000000000002,-300.0,-318.6,3.68,-0.10999999999999999,3.93	-0.27968040330185423,-1.2174989018677196,-2.1957079483217545,-2.9956469393059306,-3.183322831651135	-0.281,-1.22,-2.198,-2.998,-3.184
240.0,-28.1,-122.0,-219.79999999999998,-299.8,-318.40000000000003,3.24,-0.11250000000000004,3.97	-0.3413655309093213,-1.2428584677035324,-2.2019981543807208,-2.9983501305363536,-3.184227767644813	-0.34,-1.239,-2.204,-2.998,-3.182
240.0,-34.0,-123.9,-220.4,-299.8,-318.2,2.79,-0.10999999999999999,3.97	-0.4103228250791763,-1.2753042834947512,-2.2123248521922214,-3.0003701454253116,-3.182409378099574	-0.408,-1.272,-2.214,-3.0,-3.181
240.0,-40.8,-127.2,-221.4,-300.0,-318.1,2.35,-0.11000000000000004,3.95	-0.4874434240695214,-1.3186193231261092,-2.232985599165162,-3.0036109881619186,-3.179022735610692	-0.491,-1.315,-2.231,-3.003,-3.181
240.0,-49.1,-131.5,-223.1,-300.3,-318.1,1.91,-0.11249999999999999,3.92	-0.5849815197599925,-1.37316007997444,-2.2632789262803783,-3.005456507353486,-3.170793995273619	-0.588,-1.368,-2.258,-3.011,-3.179
240.0,-58.8,-136.8,-225.8,-301.1,-317.9,1.46,0.0050000000000000044,3.83	-0.6251631190903918,-1.4343203982614654,-2.3006665547583727,-3.0184661806220423,-3.172484987854517	-0.621,-1.428,-2.293,-3.0209999999999995,-3.179
240.0,-62.1,-142.79999999999998,-229.3,-302.09999999999997,-317.9,1.48,0.012500000000000011,3.75	-0.6281369996619393,-1.480907990866685,-2.340299569624865,-3.0332099324185684,-3.1727818014678184	-0.627,-1.49,-2.335,-3.036,-3.177
240.0,-62.7,-149.0,-233.5,-303.6,-317.7,1.53,0.012500000000000011,3.52	-0.6198785497258015,-1.5274317057489464,-2.3897062523432386,-3.0578112971673277,-3.1769157976027302	-0.623,-1.537,-2.38,-3.056,-3.181
240.0,-62.3,-153.7,-238.0,-305.6,-318.1,1.58,0.010000000000000009,3.43	-0.6124353069273272,-1.562190549755284,-2.4343075693053295,-3.0843741503648014,-3.1892019041469064	-0.617,-1.571,-2.426,-3.075,-3.187
240.0,-61.7,-157.1,-242.60000000000002,-307.5,-318.7,1.62,0.012499999999999956,3.24	-0.605606667224136,-1.588407953812548,-2.474907540480044,-3.1071778573336677,-3.198771740868894	-0.608,-1.59,-2.469,-3.1,-3.193
240.0,-60.8,-159.0,-246.89999999999998,-310.0,-319.3,1.67,0.012500000000000011,2.96	-0.5985621265158716,-1.6005196444252334,-2.5080629962722747,-3.1255591796500295,-3.2048282065731053	-0.599,-1.6,-2.506,-3.123,-3.199
240.0,-59.9,-160.0,-250.59999999999997,-312.3,-319.9,1.72,0.04749999999999999,2.64	-0.5711390770578988,-1.6037594492465717,-2.5357437845635515,-3.1400075326607886,-3.2087527645606952	-0.573,-1.602,-2.536,-3.141,-3.205
240.0,-57.3,-160.20000000000002,-253.6,-314.1,-320.5,1.91,0.09249999999999997,2.39	-0.5112478015955378,-1.5947596772592232,-2.557887115659954,-3.151374290578064,-3.211919571170048	-0.512,-1.6,-2.559,-3.153,-3.211
240.0,-51.2,-160.0,-255.9,-315.3,-321.09999999999997,2.28,0.09000000000000008,2.21	-0.4456968169309562,-1.5745720614442575,-2.575221053397306,-3.162755323724621,-3.216868251809422	-0.446,-1.58,-2.575,-3.1629999999999994,-3.217
240.0,-44.6,-158.0,-257.5,-316.29999999999995,-321.7,2.64,0.08999999999999997,2.07	-0.38156311788686026,-1.5406123275976396,-2.579500690902523,-3.1726106249956185,-3.2233807303742923	-0.379,-1.54,-2.582,-3.171,-3.222
240.0,-37.9,-154.0,-258.2,-317.09999999999997,-322.2,3.0,0.08999999999999997,1.96	-0.32273521474252403,-1.491844880480204,-2.568458569780223,-3.1798411027978886,-3.2306432451192966	-0.322,-1.487,-2.575,-3.176,-3.227
240.0,-32.2,-148.70000000000002,-257.5,-317.6,-322.7,3.36,0.08250000000000002,1.89	-0.27539219013600813,-1.434466483462093,-2.542552578942519,-3.1821626486702854,-3.23697002986205	-0.273,-1.429,-2.552,-3.178,-3.2320000000000007
240.0,-27.3,-142.9,-255.20000000000002,-317.8,-323.20000000000005,3.69,-0.03749999999999998,1.87	-0.2725977003284189,-1.3705348976817353,-2.5077600884323004,-3.181678655675299,-3.241553485923317	-0.271,-1.3660000000000003,-2.513,-3.176,-3.237
240.0,-27.1,-136.60000000000002,-251.29999999999998,-317.6,-323.7,3.54,-0.03500000000000003,1.89	-0.2805233925173182,-1.3256620782450796,-2.4594348230774488,-3.1714372609646877,-3.243457161578856	-0.282,-1.322,-2.464,-3.1689999999999996,-3.24
240.0,-28.199999999999996,-132.20000000000002,-246.4,-316.9,-324.0,3.4,-0.03500000000000003,1.93	-0.295687813548809,-1.3019145869276942,-2.4146071448460287,-3.155736848342128,-3.242574246529979	-0.297,-1.303,-2.409,-3.157,-3.24
240.0,-29.7,-130.29999999999998,-240.89999999999998,-315.7,-324.0,3.26,-0.03749999999999998,2.05	-0.31651773603372035,-1.2950290636788546,-2.373614734417814,-3.1359679408529884,-3.2398377314582887	-0.317,-1.2990000000000002,-2.362,-3.137,-3.244
240.0,-31.7,-129.9,-236.20000000000002,-313.7,-324.40000000000003,3.11,-0.03499999999999992,2.36	-0.3381291088663336,-1.3003690706884385,-2.338538024308714,-3.116616060845768,-3.2407693538633358	-0.336,-1.305,-2.334,-3.117,-3.24
240.0,-33.6,-130.5,-233.4,-311.7,-324.0,2.97,-0.03750000000000009,2.55	-0.3605691375551281,-1.311589308063023,-2.322095806164995,-3.100739295361447,-3.23412486687494	-0.358,-1.315,-2.319,-3.103,-3.2320000000000007
240.0,-35.8,-131.5,-231.9,-310.3,-323.20000000000005,2.82,-0.03499999999999992,2.68	-0.3835040762164772,-1.3257091783981207,-2.3156155369402494,-3.0892213152198518,-3.2252548438978232	-0.37799999999999995,-1.33,-2.315,-3.091,-3.221
240.0,-37.8,-133.0,-231.5,-309.1,-322.1,2.68,-0.03750000000000009,2.79	-0.407540887634531,-1.3434282003486349,-2.3185190567046927,-3.082062119241692,-3.215719024430319	-0.4040000000000001,-1.347,-2.318,-3.0810000000000004,-3.214
240.0,-40.400000000000006,-134.7,-231.8,-308.1,-321.4,2.53,-0.03499999999999992,2.95	-0.43294847856883906,-1.3649470931576562,-2.3247395822729064,-3.078177579820368,-3.210250757826485	-0.43200000000000005,-1.3660000000000003,-2.327,-3.074,-3.2060000000000004
240.0,-43.2,-136.60000000000002,-232.7,-307.4,-320.6,2.39,-0.03749999999999998,3.03	-0.46146867025463467,-1.3879888120079757,-2.3356942310654296,-3.0755963881454833,-3.2027745174453868	-0.462,-1.386,-2.339,-3.074,-3.2
240.0,-46.2,-138.6,-233.9,-307.4,-320.0,2.24,-0.03500000000000003,3.04	-0.49149585840692595,-1.411373700887186,-2.349174367108117,-3.0762823312942866,-3.1975289795974184	-0.49200000000000005,-1.408,-2.354,-3.076,-3.197
240.0,-49.2,-140.79999999999998,-235.4,-307.6,-319.7,2.1,-0.025000000000000022,3.03	-0.5170395979391367,-1.4365445659995597,-2.365664342919912,-3.079474224574373,-3.194934871912684	-0.519,-1.433,-2.371,-3.0810000000000004,-3.196
240.0,-51.9,-143.3,-237.1,-308.1,-319.6,2.0,0.022499999999999964,2.99	-0.5162384534423158,-1.4624538949848769,-2.386010449548395,-3.0848944137220156,-3.194761798761254	-0.515,-1.46,-2.389,-3.0870000000000006,-3.193
240.0,-51.5,-146.0,-238.89999999999998,-308.70000000000005,-319.3,2.09,0.025000000000000022,2.88	-0.5033400407004857,-1.4791264267121804,-2.410406758104727,-3.091909222410861,-3.1932072375099083	-0.502,-1.4810000000000003,-2.409,-3.095,-3.193
240.0,-50.2,-148.10000000000002,-240.89999999999998,-309.5,-319.3,2.19,0.025000000000000022,2.78	-0.4868188323490345,-1.489703968858584,-2.4333355756440285,-3.101353520592009,-3.1949808661238537	-0.485,-1.4910000000000003,-2.43,-3.102,-3.193
240.0,-48.5,-149.10000000000002,-243.00000000000003,-310.2,-319.3,2.29,0.022499999999999964,2.68	-0.4694268653579198,-1.4918384221224523,-2.4513358735774817,-3.108891875762757,-3.195519705517544	-0.468,-1.492,-2.448,-3.109,-3.195
240.0,-46.800000000000004,-149.2,-244.79999999999998,-310.9,-319.5,2.38,0.025000000000000022,2.62	-0.45023741652138244,-1.4876164539882797,-2.4628737218578194,-3.1156949419989566,-3.1977474520016944	-0.44800000000000006,-1.486,-2.462,-3.116,-3.195
240.0,-44.800000000000004,-148.6,-246.20000000000002,-311.6,-319.5,2.48,0.025000000000000022,2.47	-0.43025491377575986,-1.4756175952584092,-2.47016127617257,-3.1194722427167703,-3.1964205350761885	-0.429,-1.475,-2.47,-3.123,-3.197
240.0,-42.9,-147.5,-247.00000000000003,-312.3,-319.7,2.58,0.022499999999999964,2.4	-0.4120657023177101,-1.4601268837340569,-2.4708636330459877,-3.123140821997647,-3.1980676043664387	-0.41,-1.4609999999999999,-2.471,-3.125,-3.199
240.0,-41.0,-146.1,-247.10000000000002,-312.5,-319.9,2.67,0.025000000000000022,2.34	-0.39282482039296357,-1.4438316502537745,-2.4668934668771896,-3.124439365966703,-3.199265601690564	-0.39,-1.444,-2.468,-3.127,-3.201
240.0,-39.0,-144.4,-246.8,-312.7,-320.1,2.77,0.025000000000000022,2.3	-0.37388764715455436,-1.4247038125018807,-2.4591526571537936,-3.124857565393823,-3.2008491278994455	-0.37200000000000005,-1.4270000000000003,-2.459,-3.127,-3.202
240.0,-37.2,-142.70000000000002,-245.9,-312.7,-320.2,2.87,0.025000000000000022,2.27	-0.3563609697089774,-1.4060986085479368,-2.4480786679397135,-3.122760664791364,-3.20123540438467	-0.35600000000000004,-1.409,-2.448,-3.125,-3.202
240.0,-35.6,-140.9,-244.79999999999998,-312.5,-320.2,2.97,0.022499999999999964,2.27	-0.341010123391565,-1.3878193296782744,-2.434935475926243,-3.1187510946070462,-3.2004833560467474	-0.342,-1.39,-2.434,-3.1210000000000004,-3.2
240.0,-34.2,-139.0,-243.4,-312.1,-320.0,3.06,0.025000000000000022,2.28	-0.325860164825158,-1.3696171908140726,-2.419340696848648,-3.112099254586247,-3.1976897064144767	-0.32800000000000007,-1.372,-2.418,-3.116,-3.199
240.0,-32.800000000000004,-137.20000000000002,-241.8,-311.6,-319.9,3.16,0.0024999999999999467,2.33	-0.3194278656435501,-1.352217471252553,-2.4027644300407296,-3.1053902098859614,-3.195708156497132	-0.321,-1.355,-2.401,-3.109,-3.197
240.0,-32.1,-135.5,-240.09999999999997,-310.9,-319.7,3.17,-0.010000000000000009,2.4	-0.32079375179419073,-1.3393557596261707,-2.385480962044119,-3.0981345484923537,-3.193702122839816	-0.324,-1.341,-2.383,-3.102,-3.193
240.0,-32.4,-134.1,-238.3,-310.2,-319.3,3.13,-0.010000000000000009,2.45	-0.32592501093616105,-1.330924640634579,-2.3681896254070027,-3.0885891713894544,-3.1890557511145903	-0.32800000000000007,-1.3329999999999997,-2.366,-3.095,-3.1889999999999996
240.0,-32.800000000000004,-133.29999999999998,-236.60000000000002,-309.5,-318.9,3.09,-0.012499999999999956,2.49	-0.33243379330859585,-1.326493857858454,-2.3544702820366816,-3.079830751752419,-3.1844027803918986	-0.33399999999999996,-1.33,-2.352,-3.085,-3.185
240.0,-33.4,-133.0,-235.2,-308.5,-318.5,3.04,-0.010000000000000009,2.59	-0.33885087658376917,-1.3270802590993014,-2.3439251494931543,-3.07137058183137,-3.1801198215241238	-0.34,-1.331,-2.342,-3.074,-3.181
240.0,-34.0,-133.1,-234.20000000000002,-307.4,-318.1,3.0,-0.007499999999999951,2.71	-0.3445277371341835,-1.3307240638192965,-2.3374987754360803,-3.0639948572800995,-3.176033224871984	-0.345,-1.334,-2.336,-3.065,-3.176
240.0,-34.5,-133.4,-233.6,-306.5,-317.6,2.97,0.0050000000000000044,2.8	-0.34493476254230315,-1.335197924852325,-2.3347205158037503,-3.0577825416669926,-3.171315465701578	-0.344,-1.338,-2.334,-3.059,-3.171
240.0,-34.4,-133.8,-233.4,-305.90000000000003,-317.09999999999997,2.99,0.007499999999999951,2.87	-0.34202731396634756,-1.337723502434438,-2.3351429448011753,-3.053751625027031,-3.1670968061100724	-0.341,-1.341,-2.334,-3.054,-3.167
240.0,-34.1,-134.1,-233.4,-305.4,-316.7,3.02,0.007499999999999951,2.93	-0.33785056178540535,-1.3386801777640303,-2.335947583819371,-3.05106785456248,-3.1639754905174198	-0.337,-1.342,-2.336,-3.051,-3.164
240.0,-33.7,-134.20000000000002,-233.6,-305.1,-316.40000000000003,3.05,0.007500000000000062,3.01	-0.33334005214227885,-1.3393916609759475,-2.3374718420608094,-3.0494582483693766,-3.162475120361449	-0.333,-1.341,-2.337,-3.05,-3.1629999999999994
240.0,-33.300000000000004,-134.1,-233.70000000000002,-305.0,-316.29999999999995,3.08,0.007499999999999951,3.02	-0.3289676350857843,-1.3377591395438149,-2.3377164262748638,-3.048918819700087,-3.1615967149570423	-0.32899999999999996,-1.338,-2.338,-3.051,-3.162
240.0,-32.9,-133.8,-233.8,-305.1,-316.2,3.11,0.0050000000000000044,3.02	-0.3256202873378497,-1.334026554431049,-2.3367317579213864,-3.048550599095819,-3.1608409532622996	-0.326,-1.335,-2.337,-3.051,-3.162
240.0,-32.6,-133.5,-233.70000000000002,-305.1,-316.2,3.13,0.0,3.02	-0.32446210771753464,-1.3308306418094042,-2.334798929767513,-3.0480484194953736,-3.160707768640446	-0.325,-1.331,-2.335,-3.051,-3.162
240.0,-32.5,-133.1,-233.5,-305.1,-316.2,3.13,0.0,3.02	-0.3241327996054336,-1.327670378559268,-2.3317332187285675,-3.047140709017941,-3.1606104097688843	-0.324,-1.329,-2.333,-3.05,-3.162
240.0,-32.4,-132.9,-233.3,-305.0,-316.2,3.13,0.0,3.02	-0.3237745242611079,-1.3262030729474334,-2.329893410679946,-3.0463348285533938,-3.1604512693054843	-0.324,-1.327,-2.33,-3.05,-3.162
240.0,-32.4,-132.7,-233.0,-305.0,-316.2,3.13,0.0,3.02	-0.3238295640463621,-1.3243532541979914,-2.327258656868043,-3.045279518542415,-3.160308989019766	-0.324,-1.3259999999999998,-2.327,-3.048,-3.161
240.0,-32.4,-132.6,-232.7,-304.8,-316.1,3.13,0.0,3.02	-0.32376882726776984,-1.3236280829164933,-2.3253220461421433,-3.0433381898898615,-3.1589197054503133	-0.324,-1.325,-2.326,-3.046,-3.16
240.0,-32.4,-132.5,-232.6,-304.59999999999997,-316.0,3.13,0.0050000000000000044,3.03	-0.32186568686840844,-1.3232882725992352,-2.3242397399617327,-3.041820298369492,-3.157679438617361	-0.322,-1.325,-2.324,-3.045,-3.158
240.0,-32.2,-132.5,-232.39999999999998,-304.5,-315.8,3.15,0.020000000000000018,3.04	-0.3139882424025833,-1.3221027717429945,-2.323174904032053,-3.0399441213822063,-3.1559231797309444	-0.314,-1.324,-2.323,-3.043,-3.156
240.0,-31.4,-132.4,-232.29999999999998,-304.3,-315.6,3.23,0.01749999999999996,3.04	-0.3044186993191427,-1.3184033198699836,-2.3225709660377842,-3.037746684763897,-3.1533341076726265	-0.305,-1.321,-2.322,-3.0409999999999995,-3.154
240.0,-30.5,-132.1,-232.20000000000002,-304.09999999999997,-315.4,3.3,0.020000000000000018,3.05	-0.29402739552987417,-1.3134982502084314,-2.3209694536190524,-3.035867997037875,-3.151351496994561	-0.294,-1.3159999999999998,-2.321,-3.039,-3.1519999999999997
240.0,-29.4,-131.6,-232.10000000000002,-303.90000000000003,-315.2,3.38,0.01750000000000007,3.06	-0.28395662291705176,-1.30674534588607,-2.3184311857394535,-3.0339660057440705,-3.1494136896762592	-0.284,-1.308,-2.318,-3.037,-3.151
240.0,-28.4,-130.8,-231.8,-303.7,-315.09999999999997,3.45,0.01749999999999996,3.08	-0.2742248942598416,-1.2981925636531173,-2.313016419733136,-3.031566243670436,-3.1482157549753493	-0.274,-1.2990000000000002,-2.314,-3.036,-3.15
240.0,-27.400000000000002,-129.9,-231.4,-303.6,-315.0,3.52,0.020000000000000018,3.09	-0.2636911617859006,-1.2883243045899773,-2.3064802445721893,-3.02906036405083,-3.1470242524637784	-0.263,-1.29,-2.307,-3.033,-3.1489999999999996
240.0,-26.3,-129.0,-230.7,-303.3,-314.9,3.6,0.03249999999999997,3.11	-0.2484173200207435,-1.277774105310464,-2.2982238262492185,-3.025405847859503,-3.145537026425611	-0.248,-1.28,-2.3,-3.03,-3.147
240.0,-24.8,-128.0,-229.99999999999997,-303.0,-314.7,3.73,0.04749999999999999,3.13	-0.22628217770521555,-1.2637572333371043,-2.288893196485544,-3.0210827153920117,-3.142856114673498	-0.22400000000000003,-1.269,-2.291,-3.026,-3.145
240.0,-22.400000000000002,-126.89999999999999,-229.1,-302.59999999999997,-314.5,3.92,0.050000000000000044,3.15	-0.20084112661478012,-1.2464855663300105,-2.278750227622528,-3.0175471067221538,-3.1410530510031887	-0.198,-1.253,-2.282,-3.0209999999999995,-3.142
240.0,-19.8,-125.29999999999998,-228.2,-302.09999999999997,-314.2,4.12,0.050000000000000044,3.18	-0.17469821353406856,-1.2255745733096584,-2.265837106182524,-3.0136106772909,-3.13864695683762	-0.171,-1.233,-2.27,-3.014,-3.139
240.0,-17.1,-123.30000000000001,-227.0,-301.4,-313.9,4.32,0.047499999999999876,3.24	-0.14904147773797147,-1.2030277567038126,-2.2496323292715905,-3.0091516485406964,-3.136906387000749	-0.145,-1.21,-2.255,-3.0069999999999997,-3.136
240.0,-14.499999999999998,-121.0,-225.5,-300.7,-313.6,4.51,0.04500000000000015,3.31	-0.12448430315161717,-1.1801240075166508,-2.230988675621522,-3.004579626339081,-3.135936739817419	-0.11899999999999998,-1.185,-2.237,-2.9990000000000006,-3.133
240.0,-11.899999999999999,-118.5,-223.70000000000002,-299.90000000000003,-313.3,4.69,-0.0625,3.39	-0.13304085497246393,-1.1637812667822431,-2.214517108456208,-2.996218919335903,-3.1329918596323894	-0.13,-1.159,-2.216,-2.989,-3.1319999999999997
240.0,-13.0,-115.9,-221.60000000000002,-298.9,-313.2,4.44,-0.06500000000000017,3.53	-0.15793526048105727,-1.160081476015146,-2.1941420222837325,-2.9865774868355985,-3.1340585791042366	-0.156,-1.147,-2.192,-2.977,-3.1259999999999994
240.0,-15.6,-114.7,-219.20000000000002,-297.7,-312.59999999999997,4.18,-0.06249999999999989,3.59	-0.18809380859564268,-1.162487182211192,-2.1760104020948456,-2.969822404880343,-3.1261972557449353	-0.187,-1.149,-2.172,-2.965,-3.1210000000000004
240.0,-18.7,-114.9,-217.20000000000002,-296.5,-312.1,3.93,-0.0625,3.7	-0.22107591767593507,-1.1713609644917826,-2.164754287074553,-2.954502570915712,-3.119991196257831	-0.22,-1.163,-2.16,-2.95,-3.117
240.0,-22.0,-116.3,-216.0,-295.0,-311.7,3.68,-0.0625,3.9	-0.2553229620816065,-1.188612974144847,-2.1629629499953382,-2.943290673943169,-3.117004166012776	-0.256,-1.184,-2.159,-2.9389999999999996,-3.109
240.0,-25.6,-118.39999999999999,-215.89999999999998,-293.9,-310.9,3.43,-0.0625,4.0	-0.2909630893139946,-1.2121202586479098,-2.1713690962277776,-2.936087119973633,-3.1098602120807017	-0.293,-1.209,-2.165,-2.935,-3.099
240.0,-29.299999999999997,-120.9,-216.5,-293.5,-309.90000000000003,3.18,-0.0050000000000000044,4.0	-0.30747141395732214,-1.2383018218300115,-2.187735750550226,-2.9338862017881464,-3.099874937643209	-0.308,-1.239,-2.178,-2.9329999999999994,-3.09
240.0,-30.8,-123.9,-217.79999999999998,-293.29999999999995,-309.0,3.16,0.0024999999999999467,4.0	-0.3115645007191613,-1.2598299577691585,-2.2072464381444177,-2.933899495391698,-3.090701821067942	-0.313,-1.266,-2.197,-2.932,-3.083
240.0,-31.3,-126.6,-219.70000000000002,-293.2,-308.3,3.17,0.0025000000000000577,4.0	-0.3131345193203193,-1.279924312839788,-2.2286891115989396,-2.938229923795566,-3.0852371749757435	-0.315,-1.284,-2.22,-2.935,-3.0810000000000004
240.0,-31.5,-128.4,-222.00000000000003,-293.5,-308.1,3.18,0.0,4.0	-0.31459046582874234,-1.294694529153303,-2.2470322038101243,-2.945663613910386,-3.0847201425922286	-0.315,-1.296,-2.241,-2.9420000000000006,-3.082
240.0,-31.5,-129.6,-224.10000000000002,-294.20000000000005,-308.2,3.18,0.0024999999999999467,4.0	-0.31488374785042267,-1.304572085417654,-2.2617771982935637,-2.955004351894432,-3.0879488247251943	-0.315,-1.304,-2.26,-2.951,-3.09
240.0,-31.5,-130.4,-225.99999999999997,-295.1,-309.0,3.19,-0.0050000000000000044,3.99	-0.3167045427303142,-1.3117846637540487,-2.273548939770478,-2.966482051572055,-3.0965400396272322	-0.317,-1.3090000000000002,-2.274,-2.964,-3.099
240.0,-31.7,-130.9,-227.4,-296.4,-309.90000000000003,3.17,-0.03249999999999997,3.9	-0.3297040085000009,-1.315577273741751,-2.2817187198731634,-2.9779238294879438,-3.1055528914446997	-0.33,-1.311,-2.285,-2.978,-3.108
240.0,-33.0,-131.1,-228.5,-297.8,-310.8,3.04,-0.03249999999999997,3.79	-0.34741452842106646,-1.3209647503135873,-2.2878422043749094,-2.988938991376664,-3.114510965064304	-0.347,-1.3159999999999998,-2.293,-2.99,-3.117
240.0,-34.699999999999996,-131.6,-229.3,-299.0,-311.7,2.91,-0.03500000000000003,3.66	-0.3676968589833761,-1.3290519190290422,-2.2941760761499683,-2.9983849728460057,-3.122233830181589	-0.366,-1.3259999999999998,-2.299,-3.0,-3.1240000000000006
240.0,-36.6,-132.6,-229.9,-300.0,-312.40000000000003,2.77,-0.03249999999999997,3.53	-0.38885855676019815,-1.3411373239424385,-2.30251831924775,-3.0069775301599164,-3.128484453073534	-0.386,-1.34,-2.306,-3.008,-3.128
240.0,-38.6,-134.0,-230.6,-300.8,-312.8,2.64,-0.032500000000000084,3.42	-0.4112084011319972,-1.3561278889816089,-2.312907153755574,-3.0140351587392344,-3.132159198665196	-0.41,-1.3560000000000003,-2.316,-3.015,-3.131
240.0,-41.0,-135.60000000000002,-231.6,-301.5,-313.09999999999997,2.51,-0.03249999999999997,3.32	-0.43456414804014015,-1.3743937642534922,-2.3244090489349234,-3.0197594283495603,-3.133847185816438	-0.436,-1.3730000000000002,-2.328,-3.0209999999999995,-3.131
240.0,-43.6,-137.3,-232.79999999999998,-302.09999999999997,-313.09999999999997,2.38,-0.03499999999999992,3.22	-0.46225765394106916,-1.394587038158801,-2.337166817610313,-3.0254118190017545,-3.1349136872279253	-0.4640000000000001,-1.392,-2.342,-3.026,-3.133
240.0,-46.400000000000006,-139.2,-234.20000000000002,-302.59999999999997,-313.3,2.24,-0.032500000000000084,3.17	-0.4905382514285705,-1.4169960995246222,-2.351972581774711,-3.0314475862359744,-3.1369327418633377	-0.49200000000000005,-1.4140000000000001,-2.359,-3.031,-3.135
240.0,-49.2,-141.4,-235.9,-303.1,-313.5,2.11,-0.03249999999999997,3.13	-0.5198487037408706,-1.4418831940463261,-2.36981509184191,-3.038038611743622,-3.1389891258246148	-0.52,-1.4370000000000003,-2.375,-3.039,-3.139
240.0,-52.0,-143.70000000000002,-237.5,-303.90000000000003,-313.9,1.98,-0.034999999999999976,3.07	-0.5513220195824011,-1.4668202567718944,-2.3878978449424806,-3.0462593159084976,-3.14308956160368	-0.55,-1.462,-2.392,-3.048,-3.142
240.0,-55.00000000000001,-146.2,-239.2,-304.8,-314.2,1.84,-0.03250000000000003,2.99	-0.5820326663368702,-1.4926889900906235,-2.4073261442182328,-3.0541336066643137,-3.146144500009239	-0.578,-1.4880000000000002,-2.41,-3.0579999999999994,-3.147
240.0,-57.8,-148.8,-241.0,-305.79999999999995,-314.7,1.71,-0.03249999999999997,2.91	-0.6078443034122568,-1.5177068062274521,-2.4280139340510836,-3.063172762954293,-3.1510278313740963	-0.607,-1.515,-2.431,-3.068,-3.153
240.0,-60.699999999999996,-151.5,-243.1,-306.8,-315.3,1.58,0.007500000000000007,2.8	-0.6184466190666146,-1.5463534965652723,-2.4522988798209386,-3.0746698601331843,-3.1564791936840897	-0.613,-1.5420000000000003,-2.454,-3.0780000000000003,-3.157
240.0,-61.3,-154.20000000000002,-245.4,-307.8,-315.7,1.61,0.012499999999999956,2.67	-0.612664783275349,-1.5662941411389268,-2.4785660560702727,-3.0850776723979765,-3.1604797960162	-0.607,-1.569,-2.477,-3.089,-3.161
240.0,-60.699999999999996,-156.9,-247.7,-308.9,-316.1,1.66,0.012500000000000011,2.57	-0.6030071451039929,-1.5828635318839144,-2.505108671060371,-3.098140507839921,-3.1673774273026623	-0.6,-1.585,-2.503,-3.0980000000000003,-3.1659999999999995
240.0,-60.0,-158.5,-250.3,-309.8,-316.59999999999997,1.71,0.012500000000000011,2.47	-0.5930483448790435,-1.5932408930423088,-2.5281411038573536,-3.1095703130717167,-3.1729536600872255	-0.59,-1.5930000000000002,-2.527,-3.109,-3.171
240.0,-59.0,-159.3,-252.70000000000002,-310.9,-317.09999999999997,1.76,0.010000000000000009,2.36	-0.5836536934742738,-1.5962047914095954,-2.546517931623107,-3.1199825117470517,-3.1781191609345907	-0.582,-1.595,-2.548,-3.119,-3.175
240.0,-58.199999999999996,-159.5,-254.8,-311.90000000000003,-317.5,1.8,0.012500000000000011,2.23	-0.5739331953498147,-1.5949637671448886,-2.560883655637936,-3.1278383738684585,-3.1811150628644227	-0.572,-1.592,-2.563,-3.1289999999999996,-3.179
240.0,-57.199999999999996,-159.20000000000002,-256.3,-312.9,-317.9,1.85,0.012499999999999956,2.09	-0.563688479642493,-1.5884229922212754,-2.5700339448759344,-3.134107182687664,-3.1836488574959194	-0.562,-1.5859999999999999,-2.573,-3.137,-3.184
240.0,-56.2,-158.6,-257.3,-313.7,-318.40000000000003,1.9,0.012500000000000011,2.0	-0.5531569131515254,-1.5802728695616615,-2.5745831082473982,-3.1400256297174334,-3.1874689475156908	-0.552,-1.579,-2.5780000000000003,-3.142,-3.1889999999999996
240.0,-55.2,-157.9,-257.8,-314.2,-318.9,1.95,0.012500000000000011,1.95	-0.5424187117152254,-1.5721687533879374,-2.575603048906432,-3.144825033960923,-3.1914447828268875	-0.542,-1.571,-2.579,-3.1459999999999995,-3.193
240.0,-54.2,-157.1,-257.90000000000003,-314.59999999999997,-319.3,2.0,0.007499999999999951,1.9	-0.5344362211248259,-1.5627600293572832,-2.5739381929959553,-3.1478806968897874,-3.194404876655172	-0.535,-1.5620000000000003,-2.576,-3.1489999999999996,-3.197
240.0,-53.5,-156.20000000000002,-257.6,-314.9,-319.7,2.03,0.010000000000000009,1.86	-0.526523861378614,-1.5538026854459852,-2.5693164191452125,-3.1501378919897514,-3.1972412250693627	-0.526,-1.553,-2.571,-3.151,-3.199
240.0,-52.6,-155.29999999999998,-257.1,-315.09999999999997,-319.9,2.07,0.007500000000000062,1.83	-0.5193061838501423,-1.5435666053631478,-2.5633634819060314,-3.150545591329577,-3.1985401617530145	-0.519,-1.544,-2.5639999999999996,-3.1519999999999997,-3.2
240.0,-51.9,-154.4,-256.4,-315.2,-320.0,2.1,0.010000000000000009,1.81	-0.5118529713824151,-1.5340284933472688,-2.555954946421723,-3.1497878356942066,-3.1988243098131837	-0.512,-1.536,-2.557,-3.15,-3.201
240.0,-51.2,-153.6,-255.7,-315.0,-320.1,2.14,0.007499999999999951,1.81	-0.5052961192231661,-1.5264360221701252,-2.5491583529830537,-3.14821011471391,-3.1987229258260292	-0.504,-1.528,-2.548,-3.148,-3.201
240.0,-50.4,-152.8,-254.8,-314.8,-320.1,2.17,0.010000000000000009,1.83	-0.49732691148648894,-1.5183738032963559,-2.5407048158476497,-3.1461461075495207,-3.198458849755606	-0.49700000000000005,-1.52,-2.541,-3.1459999999999995,-3.2
240.0,-49.7,-152.0,-254.1,-314.59999999999997,-320.0,2.21,0.010000000000000009,1.85	-0.48976264368771083,-1.510186433631271,-2.5332302149052435,-3.143278439895233,-3.197022136101628	-0.489,-1.513,-2.532,-3.1429999999999993,-3.199
240.0,-48.9,-151.29999999999998,-253.2,-314.29999999999995,-319.9,2.25,0.007499999999999951,1.88	-0.4829565792151675,-1.5027234702209937,-2.525179971057208,-3.1401632577453245,-3.1958067175545697	-0.482,-1.505,-2.524,-3.14,-3.197
240.0,-48.199999999999996,-150.5,-252.4,-314.0,-319.7,2.28,0.010000000000000009,1.91	-0.4753708838169077,-1.4946973085522821,-2.5169123108547833,-3.1364409728359535,-3.1937569605810427	-0.475,-1.4980000000000002,-2.516,-3.136,-3.196
240.0,-47.5,-149.8,-251.6,-313.6,-319.6,2.32,-0.0050000000000000044,1.94	-0.4747801919212218,-1.4877769102959768,-2.509614746716532,-3.133051875538819,-3.192270133278674	-0.474,-1.49,-2.509,-3.133,-3.194
240.0,-47.4,-149.0,-250.89999999999998,-313.3,-319.4,2.3,-0.007499999999999951,1.98	-0.4782295516446824,-1.4821155980091094,-2.501316301763876,-3.1296090358866837,-3.1907159935802984	-0.478,-1.484,-2.501,-3.1289999999999996,-3.1920000000000006
240.0,-47.8,-148.4,-250.1,-312.9,-319.20000000000005,2.27,-0.007499999999999951,2.02	-0.4838729771495012,-1.4797824918135627,-2.493209318099846,-3.125241891974148,-3.188417248272628	-0.482,-1.4810000000000003,-2.493,-3.125,-3.19
240.0,-48.199999999999996,-148.10000000000002,-249.29999999999998,-312.5,-319.0,2.24,-0.0050000000000000044,2.05	-0.4883531923336889,-1.4795821992834772,-2.4867304823013727,-3.121245355135743,-3.1861834737909613	-0.48699999999999993,-1.4810000000000003,-2.487,-3.122,-3.188
240.0,-48.699999999999996,-148.10000000000002,-248.70000000000002,-312.2,-318.8,2.22,-0.007500000000000062,2.09	-0.4944574775954112,-1.4813154594212272,-2.482500944993025,-3.117748895386546,-3.1842311842272313	-0.49200000000000005,-1.482,-2.482,-3.119,-3.1860000000000004
240.0,-49.2,-148.2,-248.20000000000002,-311.90000000000003,-318.6,2.19,0.0050000000000000044,2.12	-0.4943463758241194,-1.4842403969013305,-2.479517226365738,-3.1149504614393164,-3.1823636200414596	-0.493,-1.485,-2.479,-3.116,-3.184
240.0,-49.3,-148.5,-247.9,-311.6,-318.40000000000003,2.21,0.07250000000000001,2.15	-0.4560592414157705,-1.486782779044613,-2.480020562148751,-3.112086450184403,-3.180380002593695	-0.45399999999999996,-1.489,-2.478,-3.114,-3.182
240.0,-45.4,-148.9,-247.8,-311.4,-318.2,2.5,0.07499999999999996,2.17	-0.4060974280686244,-1.4762554398163836,-2.4840897698273974,-3.1115682051733673,-3.178894445684879	-0.4040000000000001,-1.484,-2.479,-3.112,-3.179
240.0,-40.400000000000006,-148.4,-247.9,-311.2,-317.9,2.8,0.07250000000000001,2.18	-0.35698478030098857,-1.4570379119076415,-2.4850895832116895,-3.111795559738548,-3.178001410332195	-0.354,-1.462,-2.48,-3.11,-3.178
240.0,-35.4,-146.2,-248.0,-311.0,-317.8,3.09,0.07250000000000001,2.2	-0.31162015470036963,-1.427695254576187,-2.47802605544808,-3.1124182920974466,-3.1792583051627368	-0.312,-1.428,-2.475,-3.11,-3.177
240.0,-31.2,-142.79999999999998,-247.5,-311.0,-317.7,3.38,0.07250000000000001,2.21	-0.27275458975810607,-1.3902765244999338,-2.4613175727243464,-3.1104278653516615,-3.1797638988974883	-0.272,-1.385,-2.461,-3.108,-3.177
240.0,-27.200000000000003,-138.5,-246.1,-310.8,-317.7,3.67,0.02749999999999997,2.23	-0.24977285961486384,-1.3454888353606123,-2.435225831329629,-3.10429964168734,-3.1778623876435472	-0.245,-1.341,-2.436,-3.105,-3.177
240.0,-24.5,-134.1,-243.6,-310.5,-317.7,3.78,-0.04749999999999999,2.25	-0.25445709363856045,-1.3054244660492582,-2.4060350421128818,-3.1012749291498203,-3.180654343004374	-0.255,-1.3,-2.402,-3.099,-3.176
240.0,-25.5,-130.0,-240.20000000000002,-309.90000000000003,-317.6,3.59,-0.04499999999999993,2.29	-0.2722049711431634,-1.2822432224986247,-2.3687528175389967,-3.088127241996133,-3.177669886833757	-0.274,-1.279,-2.361,-3.089,-3.174
240.0,-27.400000000000002,-127.89999999999999,-236.10000000000002,-308.9,-317.4,3.41,-0.04749999999999999,2.36	-0.295972149340682,-1.2741437785870025,-2.334302829016966,-3.0702823118285894,-3.171813985249561	-0.298,-1.275,-2.326,-3.074,-3.168
240.0,-29.799999999999997,-127.49999999999999,-232.6,-307.4,-316.8,3.22,-0.04500000000000004,2.44	-0.3224908807623902,-1.2783080469331964,-2.3098694792213705,-3.051482812052801,-3.1621715876841967	-0.32300000000000006,-1.2819999999999998,-2.303,-3.054,-3.165
240.0,-32.300000000000004,-128.2,-230.29999999999998,-305.4,-316.5,3.04,-0.04749999999999999,2.69	-0.3511063542740482,-1.292362173086617,-2.2951867044998595,-3.037439625453662,-3.1573973133906623	-0.35,-1.296,-2.292,-3.034,-3.155
240.0,-35.0,-129.6,-229.2,-303.4,-315.5,2.85,-0.040000000000000036,2.87	-0.37776529192229463,-1.3118754836026556,-2.2924312149172703,-3.025055375300718,-3.1473842050208405	-0.375,-1.314,-2.29,-3.0239999999999996,-3.142
240.0,-37.5,-131.4,-229.0,-302.4,-314.2,2.69,-0.020000000000000018,2.97	-0.39622837269711153,-1.3314234785554084,-2.298031246114151,-3.016779561161924,-3.1370279179736618	-0.392,-1.3359999999999999,-2.296,-3.015,-3.131
240.0,-39.2,-133.6,-229.6,-301.5,-313.09999999999997,2.61,-0.022499999999999964,3.06	-0.41232874780205253,-1.3517374257004693,-2.3097275228736387,-3.012180006186966,-3.1278087415034266	-0.4109999999999999,-1.357,-2.308,-3.009,-3.1240000000000006
240.0,-41.099999999999994,-135.7,-230.79999999999998,-300.9,-312.40000000000003,2.52,-0.020000000000000018,3.16	-0.4277067026891288,-1.3739918668751532,-2.3234816648445293,-3.011335137587165,-3.122746548094795	-0.429,-1.375,-2.324,-3.008,-3.119
240.0,-42.9,-137.5,-232.39999999999998,-300.8,-311.90000000000003,2.44,-0.020000000000000018,3.19	-0.44401821466577646,-1.3938737114786488,-2.3383547124977317,-3.0137294202934313,-3.1201527047263187	-0.446,-1.392,-2.341,-3.012,-3.117
240.0,-44.6,-139.2,-234.10000000000002,-301.2,-311.7,2.36,-0.022499999999999964,3.18	-0.4622541722570111,-1.4113546370278969,-2.3534991878153453,-3.0186767327335384,-3.1200129964512837	-0.465,-1.408,-2.358,-3.0179999999999993,-3.117
240.0,-46.5,-140.79999999999998,-235.8,-301.79999999999995,-311.7,2.27,-0.01749999999999996,3.13	-0.4790105860579787,-1.42850628718256,-2.368785619845129,-3.02404013076294,-3.1203391951596746	-0.48100000000000004,-1.426,-2.373,-3.025,-3.12
240.0,-48.1,-142.6,-237.3,-302.5,-312.0,2.2,0.007499999999999951,3.07	-0.48187169149188647,-1.4463041488873376,-2.385666958475822,-3.0314474939833445,-3.1234048219433346	-0.484,-1.443,-2.388,-3.034,-3.125
240.0,-48.4,-144.3,-238.79999999999998,-303.4,-312.5,2.23,0.0050000000000000044,2.99	-0.481599334929663,-1.4585072608505663,-2.4020298230644457,-3.0405746312431843,-3.1282771019719267	-0.482,-1.4579999999999997,-2.402,-3.043,-3.1289999999999996
240.0,-48.199999999999996,-145.79999999999998,-240.20000000000002,-304.3,-312.9,2.25,0.007499999999999951,2.9	-0.47817858088872794,-1.4680043528389197,-2.417782783778265,-3.049892344712291,-3.1331699333275393	-0.479,-1.467,-2.417,-3.052,-3.1319999999999997
240.0,-47.9,-146.70000000000002,-241.7,-305.2,-313.2,2.28,0.0050000000000000044,2.77	-0.47548259720200947,-1.4724145085477227,-2.4311719648843817,-3.0568678194852628,-3.1352699828886883	-0.475,-1.472,-2.431,-3.0610000000000004,-3.135
240.0,-47.5,-147.2,-243.1,-306.1,-313.5,2.3,0.007500000000000062,2.65	-0.4707921233198131,-1.473624263039081,-2.4421842669875287,-3.06345680926069,-3.1376255555109163	-0.47,-1.473,-2.441,-3.0670000000000006,-3.139
240.0,-47.0,-147.3,-244.1,-306.70000000000005,-313.9,2.33,0.0050000000000000044,2.59	-0.46642029963436044,-1.4725837489347198,-2.4486376599327007,-3.0689890781918683,-3.140999106190116	-0.465,-1.473,-2.45,-3.071,-3.142
240.0,-46.5,-147.3,-245.00000000000003,-307.1,-314.2,2.35,0.015000000000000013,2.52	-0.45671225155660905,-1.4712557708617393,-2.4547737781680556,-3.073391618667306,-3.1431894609517474	-0.457,-1.4710000000000003,-2.455,-3.076,-3.144
240.0,-45.7,-147.10000000000002,-245.5,-307.6,-314.40000000000003,2.41,0.020000000000000018,2.45	-0.4439544478170794,-1.465878058534381,-2.457722216282185,-3.075921222592049,-3.1440666038025373	-0.44299999999999995,-1.467,-2.458,-3.079,-3.1459999999999995
240.0,-44.3,-146.70000000000002,-245.8,-307.90000000000003,-314.59999999999997,2.49,0.01749999999999996,2.41	-0.43000028667041645,-1.4579164082531937,-2.4586770547677537,-3.0783289481292737,-3.1455652052837824	-0.429,-1.46,-2.459,-3.0810000000000004,-3.148
240.0,-42.9,-146.0,-245.9,-308.1,-314.8,2.56,0.020000000000000018,2.37	-0.4148909517600541,-1.448190661126197,-2.4573468670836927,-3.080128028174821,-3.1470558239453466	-0.414,-1.4509999999999998,-2.458,-3.082,-3.15
240.0,-41.4,-145.1,-245.8,-308.2,-315.0,2.64,0.020000000000000018,2.35	-0.3997541403372027,-1.4369452846870443,-2.4537883753349514,-3.081204671285044,-3.148567376131267	-0.398,-1.439,-2.453,-3.083,-3.151
240.0,-39.800000000000004,-143.9,-245.29999999999998,-308.3,-315.09999999999997,2.72,0.01749999999999996,2.35	-0.3860570423383567,-1.4228799816010784,-2.446365952201731,-3.0808871634999013,-3.149684573354156	-0.38299999999999995,-1.426,-2.447,-3.082,-3.1519999999999997
240.0,-38.3,-142.6,-244.70000000000002,-308.2,-315.2,2.79,0.015000000000000013,2.36	-0.3737984937566047,-1.409659182019364,-2.4381896003452947,-3.07980269801277,-3.150564751763174	-0.371,-1.412,-2.438,-3.0810000000000004,-3.153
240.0,-37.1,-141.2,-243.8,-308.1,-315.3,2.85,0.012499999999999956,2.37	-0.36387125955591115,-1.3964576581403878,-2.4278536121743,-3.0775883265858703,-3.151077991618458	-0.363,-1.398,-2.427,-3.079,-3.153
240.0,-36.3,-139.79999999999998,-242.70000000000002,-307.90000000000003,-315.3,2.9,0.015000000000000013,2.38	-0.3539379096698401,-1.3832550654495435,-2.4156331208022506,-3.073924623417121,-3.1502882456450347	-0.354,-1.386,-2.415,-3.076,-3.1519999999999997
240.0,-35.4,-138.6,-241.5,-307.6,-315.2,2.96,0.012499999999999956,2.4	-0.34495389667007187,-1.3715850915894527,-2.404019157854285,-3.069143362957518,-3.1485673659448854	-0.3459999999999999,-1.3730000000000002,-2.403,-3.072,-3.15
240.0,-34.599999999999994,-137.3,-240.3,-307.2,-315.0,3.01,0.012500000000000067,2.44	-0.3366315688642676,-1.3600417277397425,-2.3916021271609003,-3.0634177706945445,-3.1461870920343036	-0.338,-1.3630000000000002,-2.391,-3.068,-3.1489999999999996
240.0,-33.800000000000004,-136.3,-239.1,-306.8,-314.9,3.06,-0.012500000000000067,2.49	-0.3394990270975539,-1.3513384456577762,-2.3809262593017233,-3.058408940961872,-3.1444340076604806	-0.34,-1.354,-2.379,-3.062,-3.147
240.0,-34.0,-135.4,-237.9,-306.2,-314.7,3.01,-0.014999999999999902,2.56	-0.34540900300908545,-1.346105904029666,-2.3689109079645263,-3.053411724846273,-3.1430724582481435	-0.347,-1.347,-2.369,-3.057,-3.145
240.0,-34.699999999999996,-134.7,-236.90000000000003,-305.7,-314.5,2.95,-0.015000000000000013,2.61	-0.35358311463801995,-1.3441381582040177,-2.3591781192973134,-3.0478302095348484,-3.1407320669411996	-0.355,-1.3460000000000003,-2.359,-3.051,-3.142
240.0,-35.5,-134.60000000000002,-235.9,-305.1,-314.2,2.89,-0.01750000000000007,2.67	-0.364026337103287,-1.3462614333287073,-2.352072521973964,-3.042205772946939,-3.13780570032654	-0.364,-1.348,-2.352,-3.045,-3.14
240.0,-36.4,-134.8,-235.2,-304.5,-314.0,2.82,-0.015000000000000013,2.74	-0.37403968073838784,-1.351492864182521,-2.3480086759996115,-3.038414123658453,-3.136354398980956	-0.373,-1.354,-2.348,-3.04,-3.137
240.0,-37.3,-135.4,-234.79999999999998,-304.0,-313.7,2.76,-0.01749999999999996,2.8	-0.3853764302569904,-1.3589781891219384,-2.3475593967442534,-3.0354919289071645,-3.134348213850851	-0.38299999999999995,-1.361,-2.348,-3.036,-3.134
240.0,-38.3,-136.1,-234.79999999999998,-303.6,-313.4,2.69,-0.007499999999999951,2.84	-0.3929670655222377,-1.3679269149565485,-2.3500616815341098,-3.0338813155794595,-3.1324984052401903	-0.392,-1.369,-2.351,-3.034,-3.1319999999999997
240.0,-39.2,-136.9,-235.1,-303.4,-313.2,2.66,0.010000000000000009,2.89	-0.39224652248990965,-1.376500978183025,-2.354409784015022,-3.0329441483237964,-3.130970351488131	-0.39,-1.3769999999999998,-2.356,-3.033,-3.1289999999999996
240.0,-39.0,-137.7,-235.6,-303.3,-312.9,2.7,0.007499999999999951,2.9	-0.38841855417097804,-1.3809732948344138,-2.3608346639420903,-3.0326945529112983,-3.1283543420570497	-0.385,-1.382,-2.362,-3.034,-3.128
240.0,-38.5,-138.2,-236.20000000000002,-303.4,-312.8,2.73,0.010000000000000009,2.9	-0.382561632973956,-1.3831409016683276,-2.3668665338365598,-3.0348722169587616,-3.128427684465489	-0.379,-1.3839999999999997,-2.369,-3.036,-3.128
240.0,-37.9,-138.39999999999998,-236.90000000000003,-303.6,-312.8,2.77,0.007499999999999951,2.9	-0.37720442187609976,-1.3828219963165063,-2.371675826609745,-3.0374044782748366,-3.1290965579038823	-0.374,-1.383,-2.373,-3.0379999999999994,-3.1289999999999996
240.0,-37.4,-138.3,-237.3,-303.79999999999995,-312.9,2.8,0.010000000000000009,2.88	-0.37108933408367223,-1.3806782498748043,-2.373827638818243,-3.0393423085343496,-3.130037837902179	-0.369,-1.38,-2.376,-3.042,-3.1319999999999997
240.0,-36.9,-138.0,-237.6,-304.2,-313.2,2.84,-0.015000000000000013,2.86	-0.3748600021361429,-1.3761074978285046,-2.373752777910041,-3.0419810866171826,-3.132398995174981	-0.37200000000000005,-1.376,-2.377,-3.0439999999999996,-3.134
240.0,-37.2,-137.6,-237.7,-304.4,-313.4,2.78,-0.029999999999999916,2.84	-0.3888488951455622,-1.374880907226399,-2.3722201968215093,-3.0443384563611993,-3.1349629742321077	-0.387,-1.3730000000000002,-2.376,-3.0469999999999997,-3.137
240.0,-38.7,-137.3,-237.6,-304.7,-313.7,2.66,-0.030000000000000027,2.82	-0.40822037016625146,-1.3780671762777228,-2.369230126094713,-3.0461795254774495,-3.138111910217721	-0.408,-1.376,-2.374,-3.049,-3.139
240.0,-40.8,-137.6,-237.4,-304.9,-313.9,2.54,-0.030000000000000027,2.81	-0.43085303710474987,-1.3865516516288505,-2.367894738264133,-3.046471997822745,-3.139650908510676	-0.43,-1.385,-2.373,-3.05,-3.141
240.0,-43.0,-138.5,-237.3,-305.0,-314.1,2.42,-0.030000000000000027,2.79	-0.4548677468139212,-1.3997919811974722,-2.3703769885460195,-3.04750150978149,-3.1411931113453435	-0.45399999999999996,-1.398,-2.375,-3.05,-3.141
240.0,-45.4,-139.79999999999998,-237.5,-305.0,-314.1,2.3,-0.029999999999999916,2.77	-0.48067952100403716,-1.4165481136565483,-2.376362908448903,-3.047832598523759,-3.1408006470869054	-0.479,-1.415,-2.38,-3.051,-3.14
240.0,-47.9,-141.5,-238.0,-305.1,-314.0,2.18,-0.02750000000000008,2.76	-0.5061349954401334,-1.4361623645588417,-2.3857124067216255,-3.048854468656288,-3.1401585917650126	-0.504,-1.4340000000000002,-2.388,-3.052,-3.14
240.0,-50.4,-143.4,-238.79999999999998,-305.2,-314.0,2.07,0.0025000000000000577,2.76	-0.5137534608653768,-1.4573042093203992,-2.397970117880657,-3.050916857495059,-3.1398762382589807	-0.511,-1.456,-2.4,-3.054,-3.141
240.0,-51.1,-145.6,-240.0,-305.4,-314.1,2.08,0.0050000000000000044,2.76	-0.5140131247575179,-1.4750501903208566,-2.414816858050178,-3.0562503391172435,-3.1417173739202275	-0.512,-1.475,-2.414,-3.0579999999999994,-3.1429999999999993
240.0,-51.2,-147.5,-241.4,-305.79999999999995,-314.29999999999995,2.1,0.0024999999999999467,2.74	-0.5135011624112105,-1.4892390847038661,-2.4316991854486063,-3.063522339185418,-3.145100169109236	-0.512,-1.4880000000000002,-2.431,-3.0639999999999996,-3.1459999999999995
240.0,-51.2,-148.8,-243.1,-306.4,-314.59999999999997,2.11,0.0025000000000000577,2.71	-0.5124669184423909,-1.4991567894271798,-2.447042806021321,-3.0715288410893917,-3.1491407695147404	-0.511,-1.497,-2.446,-3.071,-3.148
240.0,-51.1,-149.70000000000002,-244.60000000000002,-307.1,-314.8,2.12,0.0050000000000000044,2.61	-0.5101671798532201,-1.504638068619553,-2.460207643835964,-3.0776676146013413,-3.1508356804134543	-0.508,-1.5019999999999998,-2.46,-3.08,-3.151
240.0,-50.8,-150.2,-246.0,-308.0,-315.09999999999997,2.14,0.0024999999999999467,2.55	-0.507561605925322,-1.5063523560333696,-2.4705794631569726,-3.0841835544457092,-3.154478513929748	-0.506,-1.505,-2.472,-3.085,-3.157
240.0,-50.6,-150.5,-247.2,-308.5,-315.7,2.15,-0.5375,2.53	-1.6439640378459524,-1.9392477547226858,-2.7990763237563256,-2.9267200394839294,-2.9211709969579465	0.0,0.0,0.0,0.0,0.0
