t	X_sc	U	Y_z_pred	Y_u_sc
240	-0.187,-1.187,-2.183,-2.9990000000000006,-3.2	4.0,-0.01749999999999996,3.9613331018866473	-20.05583941936493,-118.68911981582642,-218.32823753356934,-299.95367527008057,-319.36943531036377	1.1706956624984741,1.1905831098556519,1.1837013959884644,0.9381791353225708,0.41658568382263184
240	-0.2005583941936493,-1.1868911981582642,-2.1832823753356934,-2.9995367527008057,-3.1936943531036377	3.93,-0.01750000000000007,4.0	-21.092160046100616,-119.17680501937866,-218.32823753356934,-299.77080821990967,-319.1256046295166	1.1663447618484497,1.1836711168289185,1.185288906097412,0.932774007320404,0.4198668301105499
240	-0.21092160046100616,-1.1917680501937866,-2.1832823753356934,-2.9977080821990967,-3.191256046295166	3.86,-0.01749999999999996,4.0	-22.09800034761429,-119.8473572731018,-218.45016479492188,-299.6793508529663,-318.85130405426025	1.1612567901611328,1.1764976978302002,1.1823503971099854,0.9325511455535889,0.41894638538360596
240	-0.22098000347614288,-1.198473572731018,-2.1845016479492188,-2.996793508529663,-3.1885130405426025	3.79,-0.01749999999999996,4.0	-23.10384064912796,-120.67033052444458,-218.7854528427124,-299.5269536972046,-318.6074495315552	1.1559168100357056,1.1710785627365112,1.177651047706604,0.9295716285705566,0.41813069581985474
240	-0.2310384064912796,-1.2067033052444458,-2.187854528427124,-2.995269536972046,-3.1860744953155518	3.72,-0.01750000000000007,4.0	-24.109680950641632,-121.55424356460571,-219.334077835083,-299.5269536972046,-318.3331251144409	1.1503145694732666,1.1656793355941772,1.1731630563735962,0.925588846206665,0.4172160029411316
240	-0.24109680950641632,-1.2155424356460571,-2.19334077835083,-2.995269536972046,-3.183331251144409	3.65,-0.01749999999999996,4.0	-25.14599859714508,-122.46865034103394,-219.97416019439697,-299.58794116973877,-318.2111978530884	1.1449326276779175,1.1599788665771484,1.1678822040557861,0.919560968875885,0.41681036353111267
240	-0.2514599859714508,-1.2246865034103394,-2.1997416019439697,-2.9958794116973877,-3.182111978530884	3.58,0.012499999999999956,4.0	-25.054562091827393,-123.47449064254761,-220.76663970947266,-299.77080821990967,-318.1807279586792	1.15945565700531,1.154584288597107,1.1630927324295044,0.9132344722747803,0.4167090952396393
240	-0.2505456209182739,-1.234744906425476,-2.2076663970947266,-2.9977080821990967,-3.181807279586792	3.63,0.03500000000000003,4.0	-23.774398863315582,-124.14504289627075,-221.58961296081543,-300.0756025314331,-318.3635950088501	1.182599425315857,1.155009150505066,1.1573679447174072,0.9063299894332886,0.4173174202442169
240	-0.23774398863315582,-1.2414504289627075,-2.2158961296081543,-3.000756025314331,-3.183635950088501	3.77,0.03749999999999998,4.0	-22.00656086206436,-124.14504289627075,-222.4125623703003,-300.5023241043091,-318.7293529510498	1.1996337175369263,1.1647855043411255,1.153613567352295,0.8998664021492004,0.4185381531715393
240	-0.22006560862064362,-1.2414504289627075,-2.224125623703003,-3.005023241043091,-3.187293529510498	3.92,0.03499999999999992,4.0	-20.17776072025299,-123.41351509094238,-222.991681098938,-301.0814428329468,-319.27802562713623	1.2115073204040527,1.1779391765594482,1.154584527015686,0.8948013782501221,0.42037951946258545
240	-0.2017776072025299,-1.2341351509094238,-2.22991681098938,-3.0108144283294678,-3.1927802562713623	4.06,0.03750000000000009,4.0	-18.166080117225647,-122.22480773925781,-223.08311462402344,-301.69103145599365,-320.0705051422119	1.2223389148712158,1.19119393825531,1.1600455045700073,0.8921310901641846,0.4230608344078064
240	-0.18166080117225647,-1.2222480773925781,-2.2308311462402344,-3.0169103145599365,-3.200705051422119	4.21,0.03499999999999992,3.7653289262326135	-16.154399514198303,-120.70080041885376,-222.5954532623291,-302.48351097106934,-319.39992904663086	1.2293444871902466,1.2016749382019043,1.165653109550476,0.9026841521263123,0.3960687518119812
240	-0.16154399514198303,-1.2070080041885376,-2.225954532623291,-3.0248351097106934,-3.1939992904663086	4.35,-0.0024999999999999467,3.7958086307053547	-15.575279295444489,-118.99392604827881,-221.8334436416626,-302.05678939819336,-319.76568698883057	1.2170683145523071,1.2147008180618286,1.17948317527771,0.886306643486023,0.40050312876701355
240	-0.15575279295444489,-1.189939260482788,-2.218334436416626,-3.0205678939819336,-3.1976568698883057	4.34,-0.01750000000000007,3.7361042846799464	-15.849599242210388,-117.5918459892273,-220.64471244812012,-301.9653558731079,-319.46089267730713	1.2017921209335327,1.2150686979293823,1.190629243850708,0.899334192276001,0.39321017265319824
240	-0.15849599242210388,-1.175918459892273,-2.206447124481201,-3.019653558731079,-3.1946089267730713	4.27,-0.01749999999999985,3.806041337527332	-16.550639271736145,-116.89079999923706,-219.3645715713501,-301.29480361938477,-319.64378356933594	1.1931861639022827,1.2110176086425781,1.200168251991272,0.9019372463226318,0.4011654257774353
240	-0.16550639271736145,-1.1689079999923706,-2.193645715713501,-3.0129480361938477,-3.1964378356933594	4.2,-0.01750000000000007,3.8606761753608905	-17.373600602149963,-116.73840284347534,-218.2368040084839,-300.71568489074707,-319.64378356933594	1.1863117218017578,1.2041555643081665,1.2026054859161377,0.9171894192695618,0.4069626033306122
240	-0.17373600602149963,-1.1673840284347534,-2.182368040084839,-3.0071568489074707,-3.1964378356933594	4.13,-0.01750000000000007,3.9564588936976057	-18.28800141811371,-116.95176362991333,-217.50528812408447,-300.045108795166,-319.76568698883057	1.180668830871582,1.197468876838684,1.2015093564987183,0.9276859164237976,0.4173840582370758
240	-0.18288001418113708,-1.1695176362991333,-2.1750528812408447,-3.00045108795166,-3.1976568698883057	4.06,-0.01749999999999985,4.0	-19.23287957906723,-117.43943691253662,-217.10903644561768,-299.64890480041504,-319.5523262023926	1.1752859354019165,1.1909310817718506,1.196946382522583,0.939807116985321,0.42130473256111145
240	-0.1923287957906723,-1.1743943691253662,-2.1710903644561768,-2.9964890480041504,-3.195523262023926	3.99,-0.010000000000000009,4.0	-19.933919608592987,-118.11000108718872,-217.0480728149414,-299.3440866470337,-319.00367736816406	1.1747013330459595,1.1849653720855713,1.1914812326431274,0.9453461170196533,0.4194573163986206
240	-0.19933919608592987,-1.1811000108718872,-2.170480728149414,-2.993440866470337,-3.1900367736816406	3.95,-0.0050000000000000044,4.0	-20.39112150669098,-118.78056526184082,-217.2614336013794,-299.0088224411011,-318.3940887451172	1.1761070489883423,1.180749773979187,1.1862632036209106,0.9429817199707031,0.4174190163612366
240	-0.2039112150669098,-1.1878056526184082,-2.172614336013794,-2.9900882244110107,-3.183940887451172	3.93,-0.0050000000000000044,4.0	-20.756879448890686,-119.39016580581665,-217.68817901611328,-298.764967918396,-317.7844762802124	1.1760213375091553,1.179114580154419,1.1818991899490356,0.93775874376297,0.41539549827575684
240	-0.20756879448890686,-1.1939016580581665,-2.176881790161133,-2.98764967918396,-3.177844762802124	3.91,-0.0050000000000000044,4.0	-21.092160046100616,-119.90832090377808,-218.17584037780762,-298.5820770263672,-317.2358512878418	1.1754248142242432,1.1780743598937988,1.1785508394241333,0.9304479956626892,0.4135870337486267
240	-0.21092160046100616,-1.1990832090377808,-2.181758403778076,-2.985820770263672,-3.172358512878418	3.89,-0.007500000000000062,4.0	-21.48839980363846,-120.33504247665405,-218.66352558135986,-298.49064350128174,-316.8091297149658	1.172761082649231,1.1768003702163696,1.1757732629776,0.9226825833320618,0.4121886193752289
240	-0.21488399803638458,-1.2033504247665405,-2.1866352558135986,-2.9849064350128174,-3.168091297149658	3.86,-0.0050000000000000044,4.0	-21.82368040084839,-120.76176404953003,-219.1512107849121,-298.46014976501465,-316.53480529785156	1.1721198558807373,1.1756736040115356,1.1739373207092285,0.9154057502746582,0.41129347681999207
240	-0.2182368040084839,-1.2076176404953003,-2.191512107849121,-2.9846014976501465,-3.1653480529785156	3.84,-0.007499999999999951,4.0	-22.21992015838623,-121.15800380706787,-219.5779323577881,-298.49064350128174,-316.38240814208984	1.1693799495697021,1.17444908618927,1.1718904972076416,0.9089425802230835,0.4107973575592041
240	-0.2221992015838623,-1.2115800380706787,-2.195779323577881,-2.9849064350128174,-3.1638240814208984	3.81,-0.007500000000000062,4.0	-22.64663875102997,-121.55424356460571,-220.00463008880615,-298.5820770263672,-316.35191440582275	1.167090892791748,1.172758936882019,1.170352816581726,0.9039042592048645,0.4106982350349426
240	-0.22646638751029968,-1.2155424356460571,-2.2000463008880615,-2.985820770263672,-3.1635191440582275	3.78,-0.0050000000000000044,4.0	-22.981920838356018,-121.95048332214355,-220.40088176727295,-298.7344741821289,-316.412878036499	1.1663700342178345,1.1706863641738892,1.1684489250183105,0.8998717665672302,0.4108964502811432
240	-0.22981920838356018,-1.2195048332214355,-2.2040088176727295,-2.987344741821289,-3.1641287803649902	3.76,-0.007499999999999951,4.0	-23.408640921115875,-122.31624126434326,-220.79710960388184,-298.9478349685669,-316.59576892852783	1.164001226425171,1.1688989400863647,1.1664470434188843,0.8966894149780273,0.41149210929870605
240	-0.23408640921115875,-1.2231624126434326,-2.2079710960388184,-2.989478349685669,-3.1659576892852783	3.73,-0.007499999999999951,4.0	-23.835361003875732,-122.7124810218811,-221.19336128234863,-299.191689491272,-316.8700695037842	1.1615843772888184,1.167199730873108,1.1647570133209229,0.8939217329025269,0.4123879373073578
240	-0.23835361003875732,-1.227124810218811,-2.2119336128234863,-2.9919168949127197,-3.168700695037842	3.7,-0.0050000000000000044,4.0	-24.170640110969543,-123.10872077941895,-221.58961296081543,-299.5269536972046,-317.2663450241089	1.160783290863037,1.1648671627044678,1.1630146503448486,0.8922863602638245,0.41368725895881653
240	-0.24170640110969543,-1.2310872077941895,-2.2158961296081543,-2.995269536972046,-3.172663450241089	3.68,-0.02750000000000008,4.0	-25.298398733139038,-123.47449064254761,-221.98584079742432,-299.9232053756714,-317.7540063858032	1.1441999673843384,1.1634339094161987,1.1613632440567017,0.8913910388946533,0.41529473662376404
240	-0.2529839873313904,-1.234744906425476,-2.219858407974243,-2.999232053756714,-3.1775400638580322	3.57,-0.03499999999999992,4.0	-27.005279064178467,-124.08407926559448,-222.3820924758911,-300.34992694854736,-318.3331251144409	1.1265286207199097,1.1576043367385864,1.1596875190734863,0.8907492756843567,0.4172160029411316
240	-0.27005279064178467,-1.2408407926559448,-2.223820924758911,-3.0034992694854736,-3.183331251144409	3.43,-0.03500000000000003,4.0	-28.895041346549988,-125.05944967269897,-222.80879020690918,-300.8680820465088,-319.00367736816406	1.110608696937561,1.1466078758239746,1.1567389965057373,0.8910930156707764,0.4194573163986206
240	-0.2889504134654999,-1.2505944967269897,-2.228087902069092,-3.008680820465088,-3.1900367736816406	3.29,-0.03500000000000003,4.0	-30.876240134239197,-126.40055418014526,-223.41840267181396,-301.4167308807373,-319.79615688323975	1.0948572158813477,1.1343941688537598,1.1510332822799683,0.8916188478469849,0.42212966084480286
240	-0.30876240134239197,-1.2640055418014526,-2.2341840267181396,-3.014167308807373,-3.1979615688323975	3.15,-0.03500000000000003,3.9734202750070855	-32.918402552604675,-127.95504331588745,-224.302339553833,-302.11775302886963,-320.4667329788208	1.0786799192428589,1.1203283071517944,1.142816424369812,0.8924886584281921,0.4215462803840637
240	-0.32918402552604675,-1.2795504331588745,-2.24302339553833,-3.0211775302886963,-3.204667329788208	3.01,-0.03499999999999992,3.7558820087363403	-34.93008017539978,-129.69239950180054,-225.36911964416504,-303.0931234359741,-319.8875904083252	1.0604798793792725,1.1048146486282349,1.12995445728302,0.8958662748336792,0.3966708481311798
240	-0.3493008017539978,-1.2969239950180054,-2.2536911964416504,-3.030931234359741,-3.198875904083252	2.87,0.010000000000000009,3.752181974640338	-35.295841097831726,-131.61263465881348,-226.8016815185547,-303.3064842224121,-320.2228784561157	1.081387996673584,1.090497374534607,1.1213740110397339,0.8708300590515137,0.39731720089912415
240	-0.35295841097831726,-1.3161263465881348,-2.268016815185547,-3.033064842224121,-3.2022287845611572	2.91,0.012499999999999956,3.6257426525431575	-34.899598360061646,-133.13664197921753,-228.35617065429688,-304.15992736816406,-319.94855403900146	1.0932966470718384,1.0833690166473389,1.108091950416565,0.8653855323791504,0.3831290900707245
240	-0.34899598360061646,-1.3313664197921753,-2.2835617065429688,-3.0415992736816406,-3.1994855403900146	2.96,0.012499999999999956,3.5291057385989517	-34.350958466529846,-133.95960330963135,-230.0020933151245,-304.800009727478,-319.79615688323975	1.1024680137634277,1.0859019756317139,1.096222996711731,0.8456497192382812,0.3724239766597748
240	-0.34350958466529846,-1.3395960330963135,-2.300020933151245,-3.0480000972747803,-3.1979615688323975	3.01,0.010000000000000009,3.4578080003833565	-33.83280038833618,-134.23391580581665,-231.43463134765625,-305.4705619812012,-319.82665061950684	1.1083290576934814,1.0918470621109009,1.089857578277588,0.8252395987510681,0.3650203049182892
240	-0.3383280038833618,-1.3423391580581665,-2.3143463134765625,-3.0547056198120117,-3.1982665061950684	3.05,0.012500000000000067,3.3641505704535897	-33.16224217414856,-134.1424822807312,-232.44047164916992,-306.2325716018677,-319.8571443557739	1.115105390548706,1.097509503364563,1.0871326923370361,0.8095057606697083,0.35518473386764526
240	-0.3316224217414856,-1.341424822807312,-2.324404716491699,-3.0623257160186768,-3.1985714435577393	3.1,0.010000000000000009,3.2825924926153642	-32.583120465278625,-133.8376760482788,-233.0500841140747,-306.81169033050537,-320.0400114059448	1.1196619272232056,1.1041051149368286,1.088451862335205,0.7943159937858582,0.3471418619155884
240	-0.32583120465278625,-1.338376760482788,-2.330500841140747,-3.0681169033050537,-3.2004001140594482	3.14,-0.015000000000000013,3.1886792440242986	-32.94887840747833,-133.35000276565552,-233.32440853118896,-307.2993516921997,-320.0705051422119	1.1043047904968262,1.1100965738296509,1.0919214487075806,0.7853769063949585,0.33728528022766113
240	-0.3294887840747833,-1.3335000276565552,-2.3332440853118896,-3.072993516921997,-3.200705051422119	3.08,-0.01750000000000007,3.1460487371751062	-33.741360902786255,-133.1061601638794,-233.32440853118896,-307.5127124786377,-320.2533721923828	1.0922353267669678,1.1103706359863281,1.0975334644317627,0.7768036723136902,0.33322665095329285
240	-0.33741360902786255,-1.331061601638794,-2.3332440853118896,-3.075127124786377,-3.202533721923828	3.01,-0.019999999999999907,3.10890768355747	-34.77768003940582,-133.22807550430298,-233.14151763916016,-307.6956033706665,-320.40576934814453	1.0801467895507812,1.1041260957717896,1.1017462015151978,0.7755118012428284,0.3297116458415985
240	-0.3477768003940582,-1.3322807550430298,-2.3314151763916016,-3.076956033706665,-3.2040576934814453	2.93,-0.020000000000000018,3.0854397990714375	-35.87496280670166,-133.71576070785522,-233.0500841140747,-307.7565670013428,-320.49720287323	1.0685482025146484,1.095919132232666,1.1025665998458862,0.7764716744422913,0.32740721106529236
240	-0.3587496280670166,-1.3371576070785522,-2.330500841140747,-3.0775656700134277,-3.2049720287323	2.85,-0.01750000000000007,3.0371665731846336	-36.91127896308899,-134.44727659225464,-233.11102390289307,-307.78703689575195,-320.2838659286499	1.0592137575149536,1.085958480834961,1.098797082901001,0.7789764404296875,0.3217601478099823
240	-0.3691127896308899,-1.3444727659225464,-2.3311102390289307,-3.0778703689575195,-3.202838659286499	2.78,-0.019999999999999907,3.0543320154076627	-38.06951940059662,-135.33120155334473,-233.4463119506836,-307.63466358184814,-320.2838659286499	1.0475661754608154,1.0767598152160645,1.094003438949585,0.7741034626960754,0.3235614001750946
240	-0.3806951940059662,-1.3533120155334473,-2.334463119506836,-3.0763466358184814,-3.202838659286499	2.7,0.022499999999999964,3.0108534658919393	-37.49040067195892,-136.30656003952026,-233.9949607849121,-307.7565670013428,-319.94855403900146	1.072750210762024,1.0653507709503174,1.085939884185791,0.7748419046401978,0.3181472718715668
240	-0.37490400671958923,-1.3630656003952026,-2.339949607849121,-3.0775656700134277,-3.1994855403900146	2.79,0.03500000000000003,3.0685450190184045	-35.99688112735748,-137.00759410858154,-234.72650051116943,-307.6956033706665,-320.2228784561157	1.1007001399993896,1.0649223327636719,1.0789613723754883,0.7630109190940857,0.3249911069869995
240	-0.35996881127357483,-1.3700759410858154,-2.3472650051116943,-3.076956033706665,-3.2022287845611572	2.93,0.03749999999999998,2.971440172766937	-34.076640009880066,-136.85519695281982,-235.48848628997803,-308.21378231048584,-319.76568698883057	1.1234341859817505,1.0747689008712769,1.068951964378357,0.7655540108680725,0.31346017122268677
240	-0.34076640009880066,-1.3685519695281982,-2.3548848628997803,-3.0821378231048584,-3.1976568698883057	3.08,0.03500000000000003,3.0200468411847035	-32.186880707740784,-136.032235622406,-236.0980749130249,-308.18328857421875,-320.1314449310303	1.141404151916504,1.0938583612442017,1.0691896677017212,0.7453218698501587,0.31956735253334045
240	-0.32186880707740784,-1.36032235622406,-2.360980749130249,-3.0818328857421875,-3.2013144493103027	3.22,0.03749999999999998,2.911806806569103	-30.11423945426941,-134.6301555633545,-236.128568649292,-308.8233709335327,-319.79615688323975	1.158281683921814,1.1110336780548096,1.0727417469024658,0.7480190992355347,0.3073103129863739
240	-0.3011423945426941,-1.346301555633545,-2.36128568649292,-3.088233709335327,-3.1979615688323975	3.37,0.03749999999999998,2.9675717291026205	-28.041601181030273,-133.014714717865,-235.67135334014893,-308.6709499359131,-320.40576934814453	1.173658847808838,1.1308963298797607,1.086398959159851,0.7321821451187134,0.31475841999053955
240	-0.28041601181030273,-1.33014714717865,-2.3567135334014893,-3.086709499359131,-3.2040576934814453	3.52,-0.022499999999999964,2.8885796938522526	-28.1330406665802,-131.09447956085205,-234.69600677490234,-309.0062379837036,-320.2838659286499	1.1450908184051514,1.1478393077850342,1.1005810499191284,0.7452797889709473,0.3060802221298218
240	-0.281330406665802,-1.3109447956085205,-2.3469600677490234,-3.090062379837036,-3.202838659286499	3.43,-0.057499999999999996,2.883650111896309	-30.327600240707397,-129.7533631324768,-233.35487842559814,-308.6100101470947,-320.3143119812012	1.103196144104004,1.151380181312561,1.117593765258789,0.746826171875,0.305625319480896
240	-0.303276002407074,-1.297533631324768,-2.3335487842559814,-3.0861001014709473,-3.2031431198120117	3.2,-0.05500000000000005,3.016768909767522	-33.131760358810425,-129.66192960739136,-231.89184665679932,-307.96992778778076,-320.9848880767822	1.0713483095169067,1.1368917226791382,1.1337552070617676,0.7550309300422668,0.3214511275291443
240	-0.33131760358810425,-1.2966192960739136,-2.318918466567993,-3.0796992778778076,-3.2098488807678223	2.98,-0.057499999999999996,3.0268583324732963	-36.24072074890137,-130.6982398033142,-230.7640790939331,-307.78703689575195,-320.95439434051514	1.0368528366088867,1.1139781475067139,1.1355810165405273,0.7849106788635254,0.32243743538856506
240	-0.36240720748901367,-1.306982398033142,-2.307640790939331,-3.0778703689575195,-3.2095439434051514	2.75,-0.05500000000000005,3.078266569281117	-39.68496322631836,-132.5270414352417,-230.42879104614258,-307.146954536438,-320.8629846572876	1.0070093870162964,1.088779091835022,1.1277450323104858,0.7967478036880493,0.3276282548904419
240	-0.3968496322631836,-1.325270414352417,-2.304287910461426,-3.07146954536438,-3.208629846572876	2.53,-0.057499999999999996,3.0781862017287063	-43.95216107368469,-134.90447998046875,-230.88600635528564,-306.84218406677246,-320.3143119812012	0.9812037348747253,1.0601128339767456,1.1125749349594116,0.8070897459983826,0.32618388533592224
240	-0.4395216107368469,-1.3490447998046875,-2.3088600635528564,-3.0684218406677246,-3.2031431198120117	2.3,0.0675,3.1281323465761934	-42.27575957775116,-137.80007362365723,-232.07471370697021,-306.5373659133911,-319.97904777526855	1.066808819770813,1.025923490524292,1.0936628580093384,0.8008723258972168,0.3305905759334564
240	-0.4227575957775116,-1.3780007362365723,-2.320747137069702,-3.065373659133911,-3.1997904777526855	2.57,0.09000000000000008,3.147751951071633	-37.42944300174713,-139.81175422668457,-233.87303352355957,-306.720232963562,-319.7351932525635	1.1256078481674194,1.0305298566818237,1.0706220865249634,0.7922689318656921,0.3320535719394684
240	-0.3742944300174713,-1.3981175422668457,-2.3387303352355957,-3.06720232963562,-3.1973519325256348	2.93,0.08749999999999991,2.987323024699079	-32.583120465278625,-139.59839344024658,-235.97617149353027,-307.39080905914307,-318.66841316223145	1.1696940660476685,1.05803644657135,1.0438411235809326,0.7818351984024048,0.31239110231399536
240	-0.32583120465278625,-1.3959839344024658,-2.3597617149353027,-3.0739080905914307,-3.1866841316223145	3.28,0.08750000000000002,3.078816502086652	-27.950161695480347,-137.49529123306274,-237.50016689300537,-307.42130279541016,-319.1256046295166	1.208794355392456,1.0963091850280762,1.0436288118362427,0.7385352253913879,0.3231925368309021
240	-0.27950161695480347,-1.3749529123306274,-2.3750016689300537,-3.0742130279541016,-3.191256046295166	3.63,0.09000000000000008,2.9075014097786815	-23.04287999868393,-133.99007320404053,-237.8049612045288,-308.6405038833618,-318.66841316223145	1.2388920783996582,1.1424000263214111,1.0506306886672974,0.734939694404602,0.30412915349006653
240	-0.2304287999868393,-1.3399007320404053,-2.378049612045288,-3.086405038833618,-3.1866841316223145	3.99,0.08749999999999991,3.024739455502704	-18.318480253219604,-129.87529039382935,-236.8905544281006,-308.54904651641846,-320.0705051422119	1.2627404928207397,1.1879265308380127,1.083356499671936,0.704325258731842,0.3199397921562195
240	-0.18318480253219604,-1.2987529039382935,-2.368905544281006,-3.0854904651641846,-3.200705051422119	4.34,-0.007500000000000062,2.69824802836811	-16.764000058174133,-125.24232864379883,-234.4216823577881,-309.67679023742676,-318.9427137374878	1.2279480695724487,1.2183598279953003,1.1179488897323608,0.7344598174095154,0.2827858626842499
240	-0.16764000058174133,-1.2524232864379883,-2.344216823577881,-3.0967679023742676,-3.189427137374878	4.31,-0.047499999999999876,2.978700413747218	-17.922240495681763,-121.82855606079102,-231.09936714172363,-307.81753063201904,-320.74103355407715	1.192177414894104,1.2310067415237427,1.1676807403564453,0.7124024629592896,0.31677913665771484
240	-0.17922240495681763,-1.2182855606079102,-2.3109936714172363,-3.0781753063201904,-3.2074103355407715	4.12,-0.04500000000000004,2.8641834529568464	-19.629119336605072,-120.03023624420166,-227.25887298583984,-307.6651096343994,-320.0400114059448	1.1668139696121216,1.212900161743164,1.1933430433273315,0.7842735648155212,0.30283722281455994
240	-0.19629119336605072,-1.2003023624420166,-2.2725887298583984,-3.076651096343994,-3.2004001140594482	3.94,-0.04749999999999999,3.190809814420753	-22.067520022392273,-119.87783908843994,-224.302339553833,-305.34863471984863,-321.1677551269531	1.1484781503677368,1.1999400854110718,1.2079187631607056,0.8004012107849121,0.34049245715141296
240	-0.22067520022392273,-1.1987783908843994,-2.24302339553833,-3.0534863471984863,-3.2116775512695312	3.75,-0.04500000000000004,3.314835825690462	-24.414479732513428,-120.54840326309204,-222.29065895080566,-304.40378189086914,-320.89343070983887	1.129920482635498,1.178947925567627,1.2022926807403564,0.8600289821624756,0.35294172167778015
240	-0.24414479732513428,-1.2054840326309204,-2.2229065895080566,-3.0440378189086914,-3.2089343070983887	3.57,-0.029999999999999916,3.5250853290517674	-26.42616033554077,-121.95048332214355,-221.34575843811035,-303.1235933303833,-320.9848880767822	1.1237035989761353,1.1625183820724487,1.190783977508545,0.8816841840744019,0.37557700276374817
240	-0.2642616033554077,-1.2195048332214355,-2.2134575843811035,-3.031235933303833,-3.2098488807678223	3.45,0.007499999999999951,3.662488483588492	-26.85287892818451,-123.59639406204224,-221.34575843811035,-302.422571182251,-320.8019971847534	1.140499472618103,1.14785897731781,1.1779258251190186,0.9019323587417603,0.38959890604019165
240	-0.2685287892818451,-1.2359639406204224,-2.2134575843811035,-3.0242257118225098,-3.208019971847534	3.48,0.010000000000000009,3.758817215060942	-26.70047879219055,-124.93752241134644,-221.95537090301514,-302.11775302886963,-320.58863639831543	1.1510848999023438,1.144347071647644,1.1636812686920166,0.9083300232887268,0.39923182129859924
240	-0.2670047879219055,-1.2493752241134644,-2.2195537090301514,-3.0211775302886963,-3.2058863639831543	3.52,0.007499999999999951,3.7913638704384094	-26.395681500434875,-125.6690502166748,-222.90024757385254,-302.1787166595459,-320.3143119812012	1.1558201313018799,1.146039366722107,1.152649164199829,0.9068371057510376,0.401742547750473
240	-0.26395681500434875,-1.256690502166748,-2.2290024757385254,-3.021787166595459,-3.2031431198120117	3.55,0.007500000000000062,3.8109917398568234	-26.060402393341064,-125.97383260726929,-223.81463050842285,-302.422571182251,-320.2838659286499	1.1599994897842407,1.1494797468185425,1.1470469236373901,0.8977881073951721,0.403763085603714
240	-0.26060402393341064,-1.2597383260726929,-2.2381463050842285,-3.0242257118225098,-3.202838659286499	3.58,0.007499999999999951,3.7815918024387516	-25.664159655570984,-126.03480815887451,-224.5156764984131,-302.84926891326904,-320.2533721923828	1.1631128787994385,1.1533901691436768,1.144920825958252,0.8904502987861633,0.40059247612953186
240	-0.25664159655570984,-1.2603480815887451,-2.245156764984131,-3.0284926891326904,-3.202533721923828	3.61,0.0050000000000000044,3.7453925865144604	-25.328880548477173,-125.91288089752197,-224.97289180755615,-303.21505069732666,-320.3143119812012	1.1639777421951294,1.1569374799728394,1.1454540491104126,0.8820780515670776,0.3968677520751953
240	-0.25328880548477173,-1.2591288089752197,-2.2497289180755615,-3.0321505069732666,-3.2031431198120117	3.63,-0.0050000000000000044,3.6992385057568127	-25.4203200340271,-125.6690502166748,-225.21672248840332,-303.5503149032593,-320.37527561187744	1.1590602397918701,1.1593539714813232,1.1473532915115356,0.8767318725585938,0.3921854794025421
240	-0.254203200340271,-1.256690502166748,-2.252167224884033,-3.0355031490325928,-3.2037527561187744	3.61,-0.007499999999999951,3.65362420185643	-25.69464147090912,-125.54712295532227,-225.2776861190796,-303.76367568969727,-320.40576934814453	1.1539310216903687,1.1595458984375,1.1497548818588257,0.872992217540741,0.3875093162059784
240	-0.2569464147090912,-1.2554712295532227,-2.252776861190796,-3.0376367568969727,-3.2040576934814453	3.58,-0.007500000000000062,3.6337459658393896	-26.09088122844696,-125.57759284973145,-225.2471923828125,-303.8551092147827,-320.49720287323	1.1507601737976074,1.1577092409133911,1.151819109916687,0.8702793121337891,0.38567203283309937
240	-0.2609088122844696,-1.2557759284973145,-2.252471923828125,-3.038551092147827,-3.2049720287323	3.55,-0.007499999999999951,3.6139446165683107	-26.487120985984802,-125.73000192642212,-225.21672248840332,-303.916072845459,-320.52767276763916	1.1475383043289185,1.154677152633667,1.1520330905914307,0.8705585598945618,0.3836435079574585
240	-0.264871209859848,-1.2573000192642212,-2.252167224884033,-3.03916072845459,-3.2052767276763916	3.52,-0.0050000000000000044,3.6050006448251497	-26.822400093078613,-126.00431442260742,-225.2471923828125,-303.916072845459,-320.52767276763916	1.1465349197387695,1.1521188020706177,1.1509848833084106,0.8701562881469727,0.3826882243156433
240	-0.26822400093078613,-1.2600431442260742,-2.252471923828125,-3.03916072845459,-3.2052767276763916	3.5,-0.007499999999999951,3.60947196916283	-27.218639850616455,-126.30912065505981,-225.39961338043213,-303.916072845459,-320.58863639831543	1.1432162523269653,1.1499876976013184,1.1497902870178223,0.8694153428077698,0.38330078125
240	-0.27218639850616455,-1.2630912065505981,-2.2539961338043213,-3.03916072845459,-3.2058863639831543	3.47,-0.007500000000000062,3.5886355160157155	-27.614879608154297,-126.61391496658325,-225.58248043060303,-304.00753021240234,-320.4667329788208	1.139847993850708,1.1470966339111328,1.1472058296203613,0.8699938654899597,0.38080263137817383
240	-0.27614879608154297,-1.2661391496658325,-2.2558248043060303,-3.0400753021240234,-3.204667329788208	3.44,-0.007499999999999951,3.599927264952021	-28.07208001613617,-126.97967290878296,-225.8263111114502,-304.03802394866943,-320.55816650390625	1.1374270915985107,1.1447727680206299,1.1454263925552368,0.8662019371986389,0.38225117325782776
240	-0.2807208001613617,-1.2697967290878296,-2.258263111114502,-3.0403802394866943,-3.2055816650390625	3.41,-0.007500000000000062,3.5727281011913132	-28.46831977367401,-127.3759126663208,-226.10065937042236,-304.19039726257324,-320.4667329788208	1.133940577507019,1.1420700550079346,1.1425760984420776,0.8660998344421387,0.3791050612926483
240	-0.2846831977367401,-1.273759126663208,-2.2610065937042236,-3.0419039726257324,-3.204667329788208	3.38,-0.0050000000000000044,3.558328132211189	-28.834080696105957,-127.7721643447876,-226.43592357635498,-304.2818307876587,-320.40576934814453	1.1332708597183228,1.1390129327774048,1.140362024307251,0.8619096875190735,0.37732845544815063
240	-0.28834080696105957,-1.277721643447876,-2.26435923576355,-3.042818307876587,-3.2040576934814453	3.36,-0.007499999999999951,3.560990966179937	-29.2303204536438,-128.16840410232544,-226.8016815185547,-304.37328815460205,-320.49720287323	1.1296842098236084,1.136999249458313,1.1379941701889038,0.8573833703994751,0.37792453169822693
240	-0.292303204536438,-1.2816840410232544,-2.268016815185547,-3.0437328815460205,-3.2049720287323	3.33,0.0024999999999999467,3.5283016839774133	-29.29128110408783,-128.56464385986328,-227.1674394607544,-304.61714267730713,-320.4362392425537	1.1341041326522827,1.134009599685669,1.1351404190063477,0.856087863445282,0.3742384910583496
240	-0.2929128110408783,-1.2856464385986328,-2.271674394607544,-3.0461714267730713,-3.204362392425537	3.34,0.020000000000000018,3.513122528955919	-28.559759259223938,-128.86945009231567,-227.5636911392212,-304.73904609680176,-320.4667329788208	1.1489293575286865,1.1331522464752197,1.1327487230300903,0.8503989577293396,0.3727388381958008
240	-0.2855975925922394,-1.2886945009231567,-2.275636911392212,-3.0473904609680176,-3.204667329788208	3.42,0.022499999999999964,3.4904095588306205	-27.492961287498474,-128.86945009231567,-227.9294490814209,-304.95240688323975,-320.49720287323	1.1610305309295654,1.1381648778915405,1.1306202411651611,0.8468798398971558,0.37038952112197876
240	-0.27492961287498474,-1.2886945009231567,-2.279294490814209,-3.0495240688323975,-3.2049720287323	3.51,0.020000000000000018,3.43944066213984	-26.395681500434875,-128.4122347831726,-228.17327976226807,-305.1962375640869,-320.3143119812012	1.168858289718628,1.1460477113723755,1.129827618598938,0.8441677689552307,0.36444005370140076
240	-0.26395681500434875,-1.284122347831726,-2.2817327976226807,-3.051962375640869,-3.2031431198120117	3.59,0.022500000000000075,3.452764134895691	-25.20696222782135,-127.71120071411133,-228.23424339294434,-305.1962375640869,-320.49720287323	1.1779875755310059,1.1553841829299927,1.1343344449996948,0.8359639644622803,0.3664625883102417
240	-0.2520696222782135,-1.2771120071411133,-2.2823424339294434,-3.051962375640869,-3.2049720287323	3.68,0.019999999999999907,3.413757954903599	-24.048718810081482,-126.7967939376831,-227.95991897583008,-305.4096221923828,-320.4362392425537	1.1840101480484009,1.1636886596679688,1.139251708984375,0.8383150696754456,0.36214596033096313
240	-0.24048718810081482,-1.267967939376831,-2.279599189758301,-3.054096221923828,-3.204362392425537	3.76,0.015000000000000013,3.4185953152448203	-23.073361814022064,-125.76048374176025,-227.44176387786865,-305.28767108917236,-320.55816650390625	1.186524748802185,1.1718013286590576,1.1462507247924805,0.8364590406417847,0.3630323112010956
240	-0.23073361814022064,-1.2576048374176025,-2.2744176387786865,-3.0528767108917236,-3.2055816650390625	3.82,-0.012499999999999956,3.4082396192863973	-23.16479980945587,-124.72416162490845,-226.74071788787842,-305.1962375640869,-320.52767276763916	1.1724618673324585,1.1778240203857422,1.154288411140442,0.8422242999076843,0.3617756962776184
240	-0.23164799809455872,-1.2472416162490845,-2.267407178878784,-3.051962375640869,-3.2052767276763916	3.77,-0.010000000000000009,3.438592666603277	-23.561041057109833,-124.0536093711853,-225.88727474212646,-304.8609495162964,-320.6191301345825	1.1664904356002808,1.1769124269485474,1.1618380546569824,0.8464064598083496,0.3653351962566376
240	-0.23561041057109833,-1.240536093711853,-2.2588727474212646,-3.048609495162964,-3.206191301345825	3.73,-0.012499999999999956,3.4818301573423627	-24.109680950641632,-123.80975484848022,-225.0338315963745,-304.4951915740967,-320.71056365966797	1.159776210784912,1.1730173826217651,1.1664572954177856,0.8556001782417297,0.3701760768890381
240	-0.24109680950641632,-1.2380975484848022,-2.250338315963745,-3.044951915740967,-3.2071056365966797	3.68,-0.010000000000000009,3.516101862439366	-24.65832084417343,-123.90120029449463,-224.39377307891846,-304.129433631897,-320.6800699234009	1.156103253364563,1.1682816743850708,1.167178750038147,0.86625736951828,0.37369880080223083
240	-0.24658320844173431,-1.2390120029449463,-2.2439377307891846,-3.0412943363189697,-3.206800699234009	3.64,-0.012500000000000067,3.5693374695415225	-25.298398733139038,-124.14504289627075,-224.02799129486084,-303.7332057952881,-320.6800699234009	1.1506285667419434,1.1636401414871216,1.165621280670166,0.8730038404464722,0.37933170795440674
240	-0.2529839873313904,-1.2414504289627075,-2.2402799129486084,-3.037332057952881,-3.206800699234009	3.59,-0.012499999999999956,3.6086826103389065	-25.999438762664795,-124.57175254821777,-223.9060878753662,-303.489351272583,-320.58863639831543	1.1460108757019043,1.1592824459075928,1.1626694202423096,0.8793219327926636,0.38330078125
240	-0.25999438762664795,-1.2457175254821777,-2.239060878753662,-3.03489351272583,-3.2058863639831543	3.54,0.0,3.6525761866221877	-26.243281364440918,-125.08991956710815,-223.99752140045166,-303.3064842224121,-320.58863639831543	1.1500372886657715,1.1542607545852661,1.1593619585037231,0.8813687562942505,0.3879740238189697
240	-0.2624328136444092,-1.2508991956710815,-2.2399752140045166,-3.033064842224121,-3.2058863639831543	3.54,0.0050000000000000044,3.666803525171938	-26.151838898658752,-125.54712295532227,-224.24135208129883,-303.3064842224121,-320.52767276763916	1.1550267934799194,1.1520549058914185,1.155015230178833,0.8832647800445557,0.38926976919174194
240	-0.2615183889865875,-1.2554712295532227,-2.2424135208129883,-3.033064842224121,-3.2052767276763916	3.56,0.0050000000000000044,3.6679368614357633	-25.9689599275589,-125.82143545150757,-224.57664012908936,-303.3674478530884,-320.4362392425537	1.15847909450531,1.1529622077941895,1.1509947776794434,0.881895899772644,0.3890893757343292
240	-0.259689599275589,-1.2582143545150757,-2.2457664012908936,-3.033674478530884,-3.204362392425537	3.58,0.0050000000000000044,3.6717653952036726	-25.725120306015015,-125.8824110031128,-224.91192817687988,-303.45890522003174,-320.4362392425537	1.1608983278274536,1.1545437574386597,1.1491878032684326,0.8780959248542786,0.38951385021209717
240	-0.25725120306015015,-1.258824110031128,-2.249119281768799,-3.0345890522003174,-3.204362392425537	3.6,0.0050000000000000044,3.655947537404575	-25.450798869132996,-125.82143545150757,-225.15575885772705,-303.64177227020264,-320.4362392425537	1.162788987159729,1.1566669940948486,1.1485083103179932,0.8757758140563965,0.3878163695335388
240	-0.25450798869132996,-1.2582143545150757,-2.2515575885772705,-3.0364177227020264,-3.204362392425537	3.62,0.01749999999999996,3.6369245734432796	-24.719280004501343,-125.69952011108398,-225.30817985534668,-303.76367568969727,-320.4362392425537	1.1730324029922485,1.1585495471954346,1.149427056312561,0.8724936842918396,0.38580116629600525
240	-0.24719280004501343,-1.2569952011108398,-2.253081798553467,-3.0376367568969727,-3.204362392425537	3.69,0.022499999999999964,3.626622597865261	-23.65248054265976,-125.39471387863159,-225.33864974975586,-303.8551092147827,-320.49720287323	1.183688759803772,1.1636698246002197,1.1506575345993042,0.8699661493301392,0.3849291503429413
240	-0.2365248054265976,-1.253947138786316,-2.2533864974975586,-3.038551092147827,-3.2049720287323	3.78,0.022500000000000075,3.5909832632248673	-22.463759779930115,-124.78511333465576,-225.2471923828125,-303.97703647613525,-320.37527561187744	1.1918716430664062,1.1706207990646362,1.15250825881958,0.8704958558082581,0.38073480129241943
240	-0.22463759779930115,-1.2478511333465576,-2.252471923828125,-3.0397703647613525,-3.2037527561187744	3.87,0.022499999999999964,3.5959398512489753	-21.21407985687256,-123.93168210983276,-225.00336170196533,-303.8856029510498,-320.4362392425537	1.198624849319458,1.1788667440414429,1.1573089361190796,0.8675431609153748,0.38145172595977783
240	-0.21214079856872559,-1.2393168210983276,-2.2500336170196533,-3.038856029510498,-3.204362392425537	3.96,0.02499999999999991,3.5693218622694003	-19.872960448265076,-122.92584180831909,-224.5156764984131,-303.8551092147827,-320.2533721923828	1.206449270248413,1.1862456798553467,1.1628347635269165,0.8711147308349609,0.3780311048030853
240	-0.19872960448265076,-1.229258418083191,-2.245156764984131,-3.038551092147827,-3.202533721923828	4.06,0.022500000000000187,3.5938503076530304	-18.592800199985504,-121.79808616638184,-223.84512424468994,-303.5503149032593,-320.2838659286499	1.211879849433899,1.1943539381027222,1.170107126235962,0.8712033033370972,0.38077259063720703
240	-0.18592800199985504,-1.2179808616638184,-2.2384512424468994,-3.0355031490325928,-3.202838659286499	4.15,0.014999999999999902,3.5974944212695545	-17.556479573249817,-120.57888507843018,-222.9612112045288,-303.275990486145,-320.1009511947632	1.2123050689697266,1.2010701894760132,1.1769318580627441,0.8787796497344971,0.38053062558174133
240	-0.17556479573249817,-1.2057888507843018,-2.229612112045288,-3.03275990486145,-3.201009511947632	4.21,-0.020000000000000018,3.6536592156121968	-17.86128133535385,-119.42063570022583,-221.95537090301514,-302.7883291244507,-320.16191482543945	1.1941213607788086,1.2064112424850464,1.1847213506698608,0.8835602402687073,0.3867500424385071
240	-0.1786128133535385,-1.1942063570022583,-2.2195537090301514,-3.027883291244507,-3.2016191482543945	4.13,-0.01750000000000007,3.7005218131699884	-18.562321364879608,-118.75008344650269,-220.8580732345581,-302.30064392089844,-320.1009511947632	1.185062050819397,1.2022082805633545,1.19098699092865,0.8946005702018738,0.3915327787399292
240	-0.18562321364879608,-1.1875008344650269,-2.208580732345581,-3.0230064392089844,-3.201009511947632	4.06,-0.019999999999999907,3.826024022233703	-19.50719952583313,-118.65863800048828,-219.9131965637207,-301.6605615615845,-320.52767276763916	1.1767297983169556,1.1966280937194824,1.195014476776123,0.9024885892868042,0.4061483144760132
240	-0.1950719952583313,-1.1865863800048828,-2.199131965637207,-3.0166056156158447,-3.2052767276763916	3.98,-0.01749999999999996,3.859567199814425	-20.421600341796875,-118.93296241760254,-219.21215057373047,-301.35576725006104,-320.4667329788208	1.1705963611602783,1.1883190870285034,1.1921441555023193,0.9204738140106201,0.4095565378665924
240	-0.20421600341796875,-1.1893296241760254,-2.1921215057373047,-3.0135576725006104,-3.204667329788208	3.91,-0.020000000000000018,3.9708031406221913	-21.518878638744354,-119.4815993309021,-218.93784999847412,-300.8680820465088,-320.8019971847534	1.1641212701797485,1.1825382709503174,1.1891200542449951,0.9248788952827454,0.4224731922149658
240	-0.21518878638744354,-1.194815993309021,-2.189378499984741,-3.008680820465088,-3.208019971847534	3.83,-0.01750000000000007,3.9832092367646785	-22.524720430374146,-120.21312713623047,-218.93784999847412,-300.8375883102417,-320.71056365966797	1.1589306592941284,1.1752026081085205,1.1831659078598022,0.9362501502037048,0.42343786358833313
240	-0.22524720430374146,-1.2021312713623047,-2.189378499984741,-3.008375883102417,-3.2071056365966797	3.76,-0.019999999999999907,4.0	-23.622000217437744,-121.03607654571533,-219.24264430999756,-300.74615478515625,-320.6191301345825	1.1518278121948242,1.1690267324447632,1.1777600049972534,0.9361381530761719,0.4249321222305298
240	-0.23622000217437744,-1.2103607654571533,-2.1924264430999756,-3.0074615478515625,-3.206191301345825	3.68,-0.10999999999999999,4.0	-28.1330406665802,-121.92000150680542,-219.7303295135498,-300.80714225769043,-320.4667329788208	1.0815420150756836,1.1637948751449585,1.1723288297653198,0.9344132542610168,0.4244110584259033
240	-0.281330406665802,-1.2192000150680542,-2.197303295135498,-3.0080714225769043,-3.204667329788208	3.24,-0.11250000000000004,4.0	-33.98520052433014,-123.84024858474731,-220.40088176727295,-300.92904567718506,-320.40576934814453	1.0160253047943115,1.1385478973388672,1.1673591136932373,0.9295511841773987,0.42420291900634766
240	-0.3398520052433014,-1.2384024858474731,-2.2040088176727295,-3.0092904567718506,-3.2040576934814453	2.79,-0.10999999999999999,4.0	-40.78224301338196,-127.16256380081177,-221.37625217437744,-301.1728763580322,-320.49720287323	0.9518700242042542,1.101339340209961,1.1566990613937378,0.9235725402832031,0.4245152771472931
240	-0.4078224301338196,-1.2716256380081177,-2.2137625217437744,-3.0117287635803223,-3.2049720287323	2.35,-0.11000000000000004,4.0	-49.13375973701477,-131.52120113372803,-223.1745719909668,-301.569128036499,-320.74103355407715	0.8895100951194763,1.0560567378997803,1.1371017694473267,0.916463315486908,0.42534974217414856
240	-0.4913375973701477,-1.3152120113372803,-2.231745719909668,-3.0156912803649902,-3.2074103355407715	1.91,-0.11249999999999999,4.0	-58.73495936393738,-136.79423332214355,-225.79584121704102,-302.3616075515747,-321.2287187576294	0.8095656633377075,0.9992045760154724,1.1101664304733276,0.9045458436012268,0.4270261526107788
240	-0.5873495936393738,-1.3679423332214355,-2.25795841217041,-3.023616075515747,-3.212287187576294	1.46,0.0050000000000000044,4.0	-62.087756395339966,-142.7988052368164,-229.33151721954346,-303.61130237579346,-322.1431255340576	0.8761109113693237,0.9537809491157532,1.075002670288086,0.886406660079956,0.430196613073349
240	-0.6208775639533997,-1.427988052368164,-2.2933151721954346,-3.0361130237579346,-3.221431255340576	1.48,0.012500000000000011,3.624632760375763	-62.57544159889221,-149.04719591140747,-233.65967273712158,-305.9582471847534,-321.0458517074585	0.9145159125328064,0.929789125919342,1.0241655111312866,0.8764842748641968,0.38642174005508423
240	-0.6257544159889221,-1.4904719591140747,-2.336596727371216,-3.059582471847534,-3.210458517074585	1.53,0.012500000000000011,3.1792226964966734	-62.148720026016235,-153.71065139770508,-238.47551345825195,-307.6956033706665,-319.0951108932495	0.9364507794380188,0.9194365739822388,0.9778358340263367,0.8262514472007751,0.33360755443573
240	-0.6214872002601624,-1.5371065139770508,-2.3847551345825195,-3.076956033706665,-3.190951108932495	1.58,0.010000000000000009,3.0588519243389816	-61.66104078292847,-157.12441205978394,-242.9560899734497,-308.54904651641846,-318.9122438430786	0.9509657025337219,0.9247457385063171,0.9646617770195007,0.7397953867912292,0.320545494556427
240	-0.6166104078292847,-1.5712441205978394,-2.429560899734497,-3.0854904651641846,-3.189122438430786	1.62,0.012499999999999956,2.7901204969761384	-60.74663996696472,-159.01416540145874,-247.1318483352661,-310.28640270233154,-318.42455863952637	0.962938129901886,0.9283955097198486,0.9487084746360779,0.6956213116645813,0.29122039675712585
240	-0.6074663996696472,-1.5901416540145874,-2.471318483352661,-3.1028640270233154,-3.1842455863952637	1.67,0.012500000000000011,2.612351191670486	-59.832245111465454,-159.98952388763428,-250.85039138793945,-311.3227128982544,-318.5769557952881	0.974345862865448,0.938770055770874,0.9399695992469788,0.6380569338798523,0.2729727327823639
240	-0.5983224511146545,-1.5998952388763428,-2.5085039138793945,-3.113227128982544,-3.185769557952881	1.72,0.04749999999999999,2.4006042393517557	-56.90615773200989,-160.2333664894104,-253.8374423980713,-312.4809503555298,-318.63794326782227	1.0235493183135986,0.9480234384536743,0.9347593784332275,0.6007115840911865,0.25104397535324097
240	-0.5690615773200989,-1.602333664894104,-2.538374423980713,-3.124809503555298,-3.1863794326782227	1.91,0.09249999999999997,2.1985163008820217	-51.02351903915405,-159.7761631011963,-256.00152015686035,-313.3648872375488,-318.63794326782227	1.0979771614074707,0.9648400545120239,0.9331743717193604,0.5642695426940918,0.22992321848869324
240	-0.5102351903915405,-1.597761631011963,-2.5600152015686035,-3.1336488723754883,-3.1863794326782227	2.28,0.09000000000000008,1.9912601655058426	-44.47031915187836,-157.76448249816895,-257.43408203125,-313.9744758605957,-318.3940887451172	1.1362472772598267,1.0037870407104492,0.9356706142425537,0.5335124135017395,0.2077702283859253
240	-0.44470319151878357,-1.5776448249816895,-2.5743408203125,-3.139744758605957,-3.183940887451172	2.64,0.08999999999999997,1.8299504826220834	-37.79520094394684,-153.86303663253784,-258.0436706542969,-314.09640312194824,-318.11976432800293	1.159125804901123,1.0568163394927979,0.9471818208694458,0.5039108991622925,0.19055166840553284
240	-0.3779520094394684,-1.5386303663253784,-2.5804367065429688,-3.1409640312194824,-3.1811976432800293	3.0,0.08999999999999997,1.776277425238145	-32.247838377952576,-148.65095615386963,-257.37314224243164,-313.91351222991943,-318.11976432800293	1.192197561264038,1.1034173965454102,0.9777018427848816,0.482195109128952,0.18492887914180756
240	-0.32247838377952576,-1.4865095615386963,-2.5737314224243164,-3.1391351222991943,-3.1811976432800293	3.36,0.08250000000000002,1.913253977524055	-27.432000637054443,-142.8902506828308,-255.11760711669922,-313.608717918396,-319.0951108932495	1.2195721864700317,1.1364765167236328,1.0244616270065308,0.47647327184677124,0.20075219869613647
240	-0.27432000637054443,-1.428902506828308,-2.551176071166992,-3.13608717918396,-3.190951108932495	3.69,-0.03749999999999998,1.9330177947057454	-27.096721529960632,-136.6113543510437,-251.21614933013916,-313.9744758605957,-319.58279609680176	1.1641883850097656,1.1651644706726074,1.0650668144226074,0.511288583278656,0.20364516973495483
240	-0.2709672152996063,-1.366113543510437,-2.5121614933013916,-3.139744758605957,-3.1958279609680176	3.54,-0.03500000000000003,2.0292946044156825	-28.19400131702423,-132.2527289390564,-246.27840518951416,-313.4258508682251,-320.3143119812012	1.1360665559768677,1.1745553016662598,1.1001384258270264,0.5408185124397278,0.21501858532428741
240	-0.2819400131702423,-1.322527289390564,-2.4627840518951416,-3.134258508682251,-3.2031431198120117	3.4,-0.03500000000000003,2.149958098613428	-29.778960347175598,-130.3324818611145,-240.79201221466064,-312.6638650894165,-320.8629846572876	1.1148512363433838,1.1614652872085571,1.124353051185608,0.5905954837799072,0.22885020077228546
240	-0.297789603471756,-1.303324818611145,-2.4079201221466064,-3.126638650894165,-3.208629846572876	3.26,-0.03749999999999998,2.3015601964219097	-31.699198484420776,-129.87529039382935,-236.03711128234863,-311.4751100540161,-321.1677551269531	1.0942884683609009,1.1438826322555542,1.135419487953186,0.646954357624054,0.24563254415988922
240	-0.31699198484420776,-1.2987529039382935,-2.3603711128234863,-3.114751100540161,-3.2116775512695312	3.11,-0.03499999999999992,2.520003428215931	-33.680400252342224,-130.42391538619995,-233.32440853118896,-310.1340055465698,-321.4116096496582	1.0766969919204712,1.1269508600234985,1.1453953981399536,0.6962924599647522,0.26942408084869385
240	-0.33680400252342224,-1.3042391538619995,-2.3332440853118896,-3.1013400554656982,-3.214116096496582	2.97,-0.03750000000000009,2.6975763705892013	-35.783520340919495,-131.52120113372803,-231.86135292053223,-308.91480445861816,-321.35064601898193	1.055781602859497,1.1093671321868896,1.1387686729431152,0.7464423179626465,0.28831279277801514
240	-0.35783520340919495,-1.3152120113372803,-2.3186135292053223,-3.0891480445861816,-3.2135064601898193	2.82,-0.03499999999999992,2.8276763344411084	-37.85615861415863,-132.9842448234558,-231.43463134765625,-307.96992778778076,-320.8019971847534	1.036299228668213,1.0909429788589478,1.12643301486969,0.775909960269928,0.3008699417114258
240	-0.3785615861415863,-1.329842448234558,-2.3143463134765625,-3.0796992778778076,-3.208019971847534	2.68,-0.03750000000000009,2.9871541625083324	-40.44696092605591,-134.69113111495972,-231.76991939544678,-307.26890563964844,-320.58863639831543	1.0193992853164673,1.0724999904632568,1.1129202842712402,0.7854013442993164,0.3172401189804077
240	-0.4044696092605591,-1.3469113111495972,-2.3176991939544678,-3.0726890563964844,-3.2058863639831543	2.53,-0.03499999999999992,3.0418758851469905	-43.190163373947144,-136.58088445663452,-232.59289264678955,-307.146954536438,-320.1314449310303	1.0068978071212769,1.0509679317474365,1.0962640047073364,0.7916707992553711,0.3218952417373657
240	-0.43190163373947144,-1.3658088445663452,-2.3259289264678955,-3.07146954536438,-3.2013144493103027	2.39,-0.03749999999999998,3.1372008962759823	-46.238160133361816,-138.68401050567627,-233.8425636291504,-307.0859909057617,-320.2533721923828	0.9928891062736511,1.0340229272842407,1.0797778367996216,0.781578004360199,0.3322734236717224
240	-0.46238160133361816,-1.3868401050567627,-2.338425636291504,-3.070859909057617,-3.202533721923828	2.24,-0.03500000000000003,3.108553870642151	-49.225202202796936,-140.87857007980347,-235.39705276489258,-307.6651096343994,-320.1009511947632	0.9797107577323914,1.0212215185165405,1.059975266456604,0.778458833694458,0.3289044201374054
240	-0.49225202202796936,-1.4087857007980347,-2.353970527648926,-3.076651096343994,-3.201009511947632	2.1,-0.025000000000000022,3.0687648358325688	-51.72455906867981,-143.3779239654541,-237.10391521453857,-308.21378231048584,-320.1314449310303	0.9749729633331299,1.0096864700317383,1.0407366752624512,0.7610695362091064,0.3247523605823517
240	-0.5172455906867981,-1.433779239654541,-2.3710391521453857,-3.0821378231048584,-3.2013144493103027	2.0,0.022499999999999964,2.949605022774495	-51.45024061203003,-145.96872329711914,-238.87176513671875,-309.0367317199707,-319.8571443557739	1.0139907598495483,0.9978333115577698,1.0258716344833374,0.7451314926147461,0.31147313117980957
240	-0.5145024061203003,-1.4596872329711914,-2.3887176513671875,-3.090367317199707,-3.1985714435577393	2.09,0.025000000000000022,2.8561090311925836	-50.13960003852844,-148.07183742523193,-240.8834457397461,-309.67679023742676,-319.79615688323975	1.0382426977157593,0.9985321760177612,1.0155404806137085,0.7189362645149231,0.3014005720615387
240	-0.5013960003852844,-1.4807183742523193,-2.408834457397461,-3.0967679023742676,-3.1979615688323975	2.19,0.025000000000000022,2.7060534547728765	-48.432719707489014,-149.0776777267456,-242.9560899734497,-310.4083299636841,-319.46089267730713	1.0539158582687378,1.0082234144210815,1.0050214529037476,0.6986907720565796,0.28480368852615356
240	-0.48432719707489014,-1.490776777267456,-2.429560899734497,-3.104083299636841,-3.1946089267730713	2.29,0.022499999999999964,2.651646449035539	-46.725839376449585,-149.19960498809814,-244.81534957885742,-310.7740879058838,-319.64378356933594	1.0638086795806885,1.0241506099700928,1.0017021894454956,0.6686267256736755,0.2795298993587494
240	-0.46725839376449585,-1.4919960498809814,-2.448153495788574,-3.107740879058838,-3.1964378356933594	2.38,0.025000000000000022,2.55601588742962	-44.8360800743103,-148.55952262878418,-246.2174415588379,-311.5056037902832,-319.6742296218872	1.0738050937652588,1.0370676517486572,1.0035845041275024,0.6531105637550354,0.269476979970932
240	-0.448360800743103,-1.4855952262878418,-2.462174415588379,-3.115056037902832,-3.196742296218872	2.48,0.025000000000000022,2.4833474368430726	-42.88536012172699,-147.4622368812561,-246.94898128509521,-312.02378273010254,-319.8875904083252	1.081621527671814,1.0498672723770142,1.008662462234497,0.6348811388015747,0.2622293531894684
240	-0.4288536012172699,-1.474622368812561,-2.469489812850952,-3.1202378273010254,-3.198875904083252	2.58,0.022499999999999964,2.408447630620195	-41.0260796546936,-146.02967500686646,-247.1318483352661,-312.4505043029785,-320.0705051422119	1.085988998413086,1.0608891248703003,1.018215537071228,0.6249239444732666,0.2546824812889099
240	-0.41026079654693604,-1.4602967500686646,-2.471318483352661,-3.124505043029785,-3.200705051422119	2.67,0.025000000000000022,2.3355132344727147	-39.044880867004395,-144.4447159767151,-246.73562049865723,-312.6638650894165,-320.1314449310303	1.0914959907531738,1.0702605247497559,1.028235912322998,0.6194491982460022,0.24718846380710602
240	-0.39044880867004395,-1.4444471597671509,-2.4673562049865723,-3.126638650894165,-3.2013144493103027	2.77,0.025000000000000022,2.3123881503489008	-37.216079235076904,-142.70737171173096,-245.91264724731445,-312.6028776168823,-320.2838659286499	1.0987859964370728,1.0781899690628052,1.0393517017364502,0.616790771484375,0.24494878947734833
240	-0.37216079235076904,-1.4270737171173096,-2.4591264724731445,-3.1260287761688232,-3.202838659286499	2.87,0.025000000000000022,2.2987496585198697	-35.63112020492554,-140.9090518951416,-244.78487968444824,-312.4809503555298,-320.2838659286499	1.1094233989715576,1.0850205421447754,1.0496225357055664,0.6229566931724548,0.24357150495052338
240	-0.35631120204925537,-1.409090518951416,-2.4478487968444824,-3.124809503555298,-3.202838659286499	2.97,0.022499999999999964,2.346881597556747	-34.22904014587402,-139.04975652694702,-243.38281154632568,-312.14568614959717,-320.49720287323	1.118712306022644,1.0905919075012207,1.0592247247695923,0.6296694874763489,0.2490842044353485
240	-0.34229040145874023,-1.3904975652694702,-2.433828115463257,-3.1214568614959717,-3.2049720287323	3.06,0.025000000000000022,2.372757574412628	-32.796478271484375,-137.16000318527222,-241.79785251617432,-311.9018316268921,-320.49720287323	1.1304433345794678,1.0987458229064941,1.0665581226348877,0.6459718346595764,0.25184351205825806
240	-0.32796478271484375,-1.3716000318527222,-2.417978525161743,-3.119018316268921,-3.2049720287323	3.16,0.0024999999999999467,2.453593171918473	-32.247838377952576,-135.4836106300354,-240.0909662246704,-311.38367652893066,-320.71056365966797	1.1246651411056519,1.1124753952026367,1.0736823081970215,0.6578410267829895,0.26088792085647583
240	-0.32247838377952576,-1.354836106300354,-2.400909662246704,-3.1138367652893066,-3.2071056365966797	3.17,-0.010000000000000009,2.4911945319404327	-32.40023851394653,-134.11200046539307,-238.23168277740479,-311.04841232299805,-320.6191301345825	1.1130012273788452,1.118661642074585,1.0790774822235107,0.6784483790397644,0.2646263539791107
240	-0.32400238513946533,-1.3411200046539307,-2.382316827774048,-3.1104841232299805,-3.206191301345825	3.13,-0.010000000000000009,2.597746216640014	-32.82696008682251,-133.35000276565552,-236.58576011657715,-310.4083299636841,-320.8629846572876	1.1058605909347534,1.1186926364898682,1.0969431400299072,0.6918290257453918,0.276536226272583
240	-0.3282696008682251,-1.3335000276565552,-2.3658576011657715,-3.104083299636841,-3.208629846572876	3.09,-0.012499999999999956,2.65041266971516	-33.406078815460205,-133.04519653320312,-235.1836919784546,-309.92064476013184,-320.74103355407715	1.0975292921066284,1.1138863563537598,1.1059507131576538,0.7164664268493652,0.28179407119750977
240	-0.33406078815460205,-1.3304519653320312,-2.351836919784546,-3.0992064476013184,-3.2074103355407715	3.04,-0.010000000000000009,2.7610501201501343	-34.015682339668274,-133.13664197921753,-234.23879146575928,-309.15863513946533,-320.8629846572876	1.0931695699691772,1.1089509725570679,1.1102296113967896,0.7321557402610779,0.2938862442970276
240	-0.34015682339668274,-1.3313664197921753,-2.3423879146575928,-3.0915863513946533,-3.208629846572876	3.0,-0.007499999999999951,2.824554090383713	-34.47288274765015,-133.41095447540283,-233.6292028427124,-308.73191356658936,-320.6800699234009	1.089815616607666,1.1026500463485718,1.1087852716445923,0.7522324919700623,0.3002556264400482
240	-0.34472882747650146,-1.3341095447540283,-2.336292028427124,-3.0873191356658936,-3.206800699234009	2.97,0.0050000000000000044,2.9164501300117216	-34.44240093231201,-133.80719423294067,-233.38537216186523,-308.244252204895,-320.6496238708496	1.096663475036621,1.097846269607544,1.1057227849960327,0.7605284452438354,0.30985164642333984
240	-0.3444240093231201,-1.3380719423294067,-2.3338537216186523,-3.08244252204895,-3.206496238708496	2.99,0.007499999999999951,2.961089308931937	-34.1376006603241,-134.0815305709839,-233.38537216186523,-308.0613851547241,-320.4667329788208	1.1025283336639404,1.0958571434020996,1.1007932424545288,0.769004762172699,0.31417015194892883
240	-0.34137600660324097,-1.3408153057098389,-2.3338537216186523,-3.080613851547241,-3.204667329788208	3.02,0.007499999999999951,3.0060584990389776	-33.77184271812439,-134.17296409606934,-233.56823921203613,-307.9089641571045,-320.4362392425537	1.1072994470596313,1.0980929136276245,1.0972414016723633,0.7699818015098572,0.3188666105270386
240	-0.3377184271812439,-1.3417296409606934,-2.3356823921203613,-3.079089641571045,-3.204362392425537	3.05,0.007500000000000062,3.0120497198058733	-33.34512114524841,-134.0510368347168,-233.72066020965576,-307.9394340515137,-320.3143119812012	1.110974907875061,1.1007803678512573,1.0949970483779907,0.771263599395752,0.3191899061203003
240	-0.33345121145248413,-1.340510368347168,-2.3372066020965576,-3.0793943405151367,-3.2031431198120117	3.08,0.007499999999999951,3.0284850145334983	-32.918402552604675,-133.80719423294067,-233.78159999847412,-307.9089641571045,-320.34480571746826	1.1145793199539185,1.1046168804168701,1.0950690507888794,0.7679742574691772,0.3209640681743622
240	-0.32918402552604675,-1.3380719423294067,-2.337815999984741,-3.079089641571045,-3.2034480571746826	3.11,0.0050000000000000044,3.022741135288602	-32.61360228061676,-133.50239992141724,-233.75113010406494,-307.96992778778076,-320.3143119812012	1.1166009902954102,1.10834538936615,1.097010612487793,0.7679270505905151,0.3203554153442383
240	-0.3261360228061676,-1.3350239992141724,-2.3375113010406494,-3.0796992778778076,-3.2031431198120117	3.13,0.0,3.0364285836692364	-32.4916809797287,-133.16712379455566,-233.59873294830322,-307.9394340515137,-320.40576934814453	1.1145466566085815,1.1118558645248413,1.0996066331863403,0.7668313384056091,0.3219698369503021
240	-0.324916809797287,-1.3316712379455566,-2.3359873294830322,-3.0793943405151367,-3.2040576934814453	3.13,0.0,3.022124345068584	-32.43072032928467,-132.86232948303223,-233.35487842559814,-307.96992778778076,-320.37527561187744	1.113525390625,1.1126797199249268,1.1024271249771118,0.7697188258171082,0.32040658593177795
240	-0.3243072032928467,-1.3286232948303223,-2.3335487842559814,-3.0796992778778076,-3.2037527561187744	3.13,0.0,3.041712699565017	-32.43072032928467,-132.70992040634155,-233.0805540084839,-307.84802436828613,-320.49720287323	1.113525390625,1.1138226985931396,1.1052919626235962,0.7700402736663818,0.3228437304496765
240	-0.3243072032928467,-1.3270992040634155,-2.330805540084839,-3.0784802436828613,-3.2049720287323	3.13,0.0,3.0325091286070416	-32.40023851394653,-132.587993144989,-232.83672332763672,-307.81753063201904,-320.40576934814453	1.1130152940750122,1.1135965585708618,1.1068323850631714,0.7752623558044434,0.3216518461704254
240	-0.32400238513946533,-1.3258799314498901,-2.328367233276367,-3.0781753063201904,-3.2040576934814453	3.13,0.0,3.0665288327795794	-32.40023851394653,-132.5270414352417,-232.6538324356079,-307.63466358184814,-320.52767276763916	1.1130152940750122,1.1139230728149414,1.1084060668945312,0.7757156491279602,0.32557690143585205
240	-0.32400238513946533,-1.325270414352417,-2.326538324356079,-3.0763466358184814,-3.2052767276763916	3.13,0.0050000000000000044,3.055651932267719	-32.21736252307892,-132.46608972549438,-232.5014352798462,-307.63466358184814,-320.37527561187744	1.1170611381530762,1.1130996942520142,1.1084493398666382,0.7815797924995422,0.3240114152431488
240	-0.3221736252307892,-1.3246608972549438,-2.325014352798462,-3.0763466358184814,-3.2037527561187744	3.15,0.020000000000000018,3.103745317799112	-31.39439821243286,-132.40511417388916,-232.41000175476074,-307.42130279541016,-320.58863639831543	1.1314338445663452,1.1141067743301392,1.1095776557922363,0.7797508239746094,0.32966625690460205
240	-0.3139439821243286,-1.3240511417388916,-2.3241000175476074,-3.0742130279541016,-3.2058863639831543	3.23,0.01749999999999996,3.068443164062215	-30.44952154159546,-132.10031986236572,-232.2880744934082,-307.5432062149048,-320.3143119812012	1.1398340463638306,1.1190358400344849,1.108289361000061,0.7872682213783264,0.32512426376342773
240	-0.3044952154159546,-1.3210031986236572,-2.322880744934082,-3.075432062149048,-3.2031431198120117	3.3,0.020000000000000018,3.124114899285937	-29.413199424743652,-131.55168294906616,-232.19664096832275,-307.26890563964844,-320.52767276763916	1.149765133857727,1.1272962093353271,1.1111353635787964,0.7816981077194214,0.33162760734558105
240	-0.2941319942474365,-1.3155168294906616,-2.3219664096832275,-3.0726890563964844,-3.2052767276763916	3.38,0.01750000000000007,3.1066832513190983	-28.376880288124084,-130.78967332839966,-231.89184665679932,-307.39080905914307,-320.40576934814453	1.1559170484542847,1.135553002357483,1.1142809391021729,0.7886807918548584,0.32949966192245483
240	-0.28376880288124084,-1.3078967332839966,-2.318918466567993,-3.0739080905914307,-3.2040576934814453	3.45,0.01749999999999996,3.141894849302564	-27.40151882171631,-129.90576028823853,-231.43463134765625,-307.20794200897217,-320.58863639831543	1.1627923250198364,1.1438931226730347,1.1206448078155518,0.7875049114227295,0.3337022662162781
240	-0.2740151882171631,-1.2990576028823853,-2.3143463134765625,-3.0720794200897217,-3.2058863639831543	3.52,0.020000000000000018,3.1441483563940555	-26.30423903465271,-128.96088361740112,-230.7945728302002,-307.146954536438,-320.58863639831543	1.170577883720398,1.1506346464157104,1.1272847652435303,0.7948934435844421,0.333914577960968
240	-0.2630423903465271,-1.2896088361740112,-2.307945728302002,-3.07146954536438,-3.2058863639831543	3.6,0.03249999999999997,3.181817933423602	-24.719280004501343,-127.98551321029663,-230.06303310394287,-306.87263011932373,-320.74103355407715	1.1857670545578003,1.158263087272644,1.1351404190063477,0.7995367646217346,0.33836573362350464
240	-0.24719280004501343,-1.2798551321029663,-2.3006303310394287,-3.0687263011932373,-3.2074103355407715	3.73,0.04749999999999999,3.1877191211127887	-22.43328094482422,-126.82727575302124,-229.20961380004883,-306.6288232803345,-320.6496238708496	1.2067875862121582,1.1682696342468262,1.1419799327850342,0.8097096681594849,0.33875417709350586
240	-0.2243328094482422,-1.2682727575302124,-2.2920961380004883,-3.0662882328033447,-3.206496238708496	3.92,0.050000000000000044,3.2163197756955717	-19.84248161315918,-125.27281045913696,-228.23424339294434,-306.2325716018677,-320.55816650390625	1.223798394203186,1.1834220886230469,1.1497881412506104,0.817177951335907,0.34147781133651733
240	-0.1984248161315918,-1.2527281045913696,-2.2823424339294434,-3.0623257160186768,-3.2055816650390625	4.12,0.050000000000000044,3.2252223504589126	-17.12975949048996,-123.26112985610962,-227.07600593566895,-305.7753562927246,-320.2228784561157	1.2369095087051392,1.1993775367736816,1.1598478555679321,0.827495276927948,0.34151074290275574
240	-0.1712975949048996,-1.2326112985610962,-2.2707600593566895,-3.057753562927246,-3.2022287845611572	4.32,0.047499999999999876,3.2792680589550898	-14.47799950838089,-120.97512483596802,-225.6129503250122,-305.0438642501831,-320.00951766967773	1.246579647064209,1.2155733108520508,1.173506736755371,0.8344250321388245,0.3466341197490692
240	-0.1447799950838089,-1.2097512483596802,-2.256129503250122,-3.050438642501831,-3.2000951766967773	4.51,0.04500000000000015,3.323233919039835	-11.917680501937866,-118.50624084472656,-223.78416061401367,-304.2818307876587,-319.58279609680176	1.2537100315093994,1.2287677526474,1.1879758834838867,0.8481906056404114,0.35008424520492554
240	-0.11917680501937866,-1.1850624084472656,-2.2378416061401367,-3.042818307876587,-3.1958279609680176	4.69,-0.0625,3.4410344424180055	-13.075919449329376,-115.94592332839966,-221.68104648590088,-303.18455696105957,-319.4913864135742	1.2047641277313232,1.2401586771011353,1.2031052112579346,0.8601513504981995,0.36225032806396484
240	-0.13075919449329376,-1.1594592332839966,-2.216810464859009,-3.0318455696105957,-3.194913864135742	4.44,-0.06500000000000017,3.59048964876201	-15.63623994588852,-114.69624042510986,-219.39504146575928,-302.05678939819336,-319.58279609680176	1.1730762720108032,1.2279067039489746,1.2172517776489258,0.881408154964447,0.37821313738822937
240	-0.1563623994588852,-1.1469624042510986,-2.1939504146575928,-3.0205678939819336,-3.1958279609680176	4.18,-0.06249999999999989,3.8133047051544655	-18.74520033597946,-114.97056484222412,-217.38336086273193,-300.8375883102417,-320.1314449310303	1.1499104499816895,1.2080456018447876,1.221840739250183,0.9040207862854004,0.4034801423549652
240	-0.18745200335979462,-1.1497056484222412,-2.1738336086273193,-3.008375883102417,-3.2013144493103027	3.93,-0.0625,3.9880499216699055	-22.09800034761429,-116.31168127059937,-216.22512340545654,-299.95367527008057,-320.6191301345825	1.1274967193603516,1.186983585357666,1.2144964933395386,0.9336543679237366,0.42365729808807373
240	-0.22098000347614288,-1.1631168127059937,-2.1622512340545654,-2.9995367527008057,-3.206191301345825	3.68,-0.0625,4.0	-25.603199005126953,-118.35384368896484,-215.95079898834229,-299.4964838027954,-320.00951766967773	1.1040669679641724,1.165271520614624,1.1990495920181274,0.9579153656959534,0.4228535294532776
240	-0.25603199005126953,-1.1835384368896484,-2.159507989883423,-2.994964838027954,-3.2000951766967773	3.43,-0.0625,4.0	-29.260799288749695,-120.91416120529175,-216.62135124206543,-299.03926849365234,-319.0951108932495	1.0792025327682495,1.1447975635528564,1.1838666200637817,0.9593505263328552,0.41976433992385864
240	-0.29260799288749695,-1.2091416120529175,-2.1662135124206543,-2.9903926849365234,-3.190951108932495	3.18,-0.0050000000000000044,4.0	-30.78480064868927,-123.87073040008545,-217.9929494857788,-298.764967918396,-318.11976432800293	1.0968855619430542,1.1229220628738403,1.1675796508789062,0.9498843550682068,0.4165066182613373
240	-0.3078480064868927,-1.2387073040008545,-2.179929494857788,-2.98764967918396,-3.1811976432800293	3.16,0.0024999999999999467,4.0	-31.27247989177704,-126.5224814414978,-219.9436902999878,-298.7954616546631,-317.3882484436035	1.1083766222000122,1.112676739692688,1.1506905555725098,0.9332491755485535,0.41408824920654297
240	-0.3127247989177704,-1.265224814414978,-2.199436902999878,-2.987954616546631,-3.173882484436035	3.17,0.0025000000000000577,4.0	-31.424880027770996,-128.4122347831726,-222.1992015838623,-299.1611957550049,-317.0224905014038	1.1143999099731445,1.1109726428985596,1.1351499557495117,0.9126026630401611,0.41288691759109497
240	-0.31424880027770996,-1.284122347831726,-2.221992015838623,-2.991611957550049,-3.170224905014038	3.18,0.0,4.0	-31.54679834842682,-129.63143587112427,-224.36327934265137,-299.8622417449951,-317.1748876571655	1.1164273023605347,1.1124989986419678,1.1241294145584106,0.8903836011886597,0.41338688135147095
240	-0.3154679834842682,-1.2963143587112427,-2.2436327934265137,-2.998622417449951,-3.1717488765716553	3.18,0.0024999999999999467,4.0	-31.485840678215027,-130.39343357086182,-226.1920928955078,-300.8680820465088,-317.90640354156494	1.1189231872558594,1.1139533519744873,1.1172168254852295,0.8712151646614075,0.415799081325531
240	-0.31485840678215027,-1.3039343357086182,-2.261920928955078,-3.008680820465088,-3.1790640354156494	3.19,-0.0050000000000000044,4.0	-31.699198484420776,-130.85064888000488,-227.65512466430664,-302.08728313446045,-319.18656826019287	1.1154471635818481,1.1161788702011108,1.113845944404602,0.8576701879501343,0.4200717806816101
240	-0.31699198484420776,-1.3085064888000488,-2.2765512466430664,-3.0208728313446045,-3.1918656826019287	3.17,-0.03249999999999997,3.897366386192832	-32.97936022281647,-131.09447956085205,-228.72192859649658,-303.58080863952637,-320.2228784561157	1.0904393196105957,1.1157323122024536,1.1108587980270386,0.8544121980667114,0.4126721918582916
240	-0.3297936022281647,-1.3109447956085205,-2.287219285964966,-3.0358080863952637,-3.2022287845611572	3.04,-0.03249999999999997,3.52761497806404	-34.625282883644104,-131.61263465881348,-229.4229507446289,-305.10480403900146,-319.43039894104004	1.070255160331726,1.1064828634262085,1.1060773134231567,0.8562203049659729,0.371227502822876
240	-0.34625282883644104,-1.3161263465881348,-2.294229507446289,-3.0510480403900146,-3.1943039894104004	2.91,-0.03500000000000003,3.5915755961523668	-36.63696050643921,-132.64896869659424,-230.15449047088623,-305.0438642501831,-320.58863639831543	1.0508768558502197,1.0970840454101562,1.109879970550537,0.8184237480163574,0.3814953863620758
240	-0.3663696050643921,-1.3264896869659424,-2.3015449047088623,-3.050438642501831,-3.2058863639831543	2.77,-0.03249999999999997,3.2924737790961895	-38.58768045902252,-133.99007320404053,-230.82504272460938,-306.29351139068604,-319.58279609680176	1.0326740741729736,1.0770595073699951,1.1004186868667603,0.8341805338859558,0.3468184769153595
240	-0.3858768045902252,-1.3399007320404053,-2.3082504272460938,-3.0629351139068604,-3.1958279609680176	2.64,-0.032500000000000084,3.370326651362393	-41.0260796546936,-135.66648960113525,-231.86135292053223,-305.89728355407715,-320.3143119812012	1.0208234786987305,1.0642133951187134,1.095465898513794,0.7990928292274475,0.35712796449661255
240	-0.41026079654693604,-1.3566648960113525,-2.3186135292053223,-3.0589728355407715,-3.2031431198120117	2.51,-0.03249999999999997,3.1436561359213386	-43.58640015125275,-137.49529123306274,-232.98912048339844,-306.93359375,-319.3389654159546	1.0092575550079346,1.0407804250717163,1.0801913738250732,0.8083178997039795,0.33057957887649536
240	-0.43586400151252747,-1.3749529123306274,-2.3298912048339844,-3.0693359375,-3.193389654159546	2.38,-0.03499999999999992,3.2707664147511206	-46.4819997549057,-139.38504457473755,-234.5740795135498,-306.6288232803345,-320.2228784561157	0.9969990253448486,1.0333611965179443,1.0694291591644287,0.7717194557189941,0.3463819921016693
240	-0.464819997549057,-1.3938504457473755,-2.345740795135498,-3.0662882328033447,-3.2022287845611572	2.24,-0.032500000000000084,3.117606563453752	-49.164241552352905,-141.4881706237793,-236.15903854370117,-307.8784704208374,-319.82665061950684	0.9833384156227112,1.0213842391967773,1.0495383739471436,0.7794149518013,0.32913047075271606
240	-0.49164241552352905,-1.414881706237793,-2.3615903854370117,-3.078784704208374,-3.1982665061950684	2.11,-0.03249999999999997,3.129932787243861	-52.029359340667725,-143.83511543273926,-237.77449131011963,-308.3051919937134,-320.4667329788208	0.9704612493515015,1.01313054561615,1.0360054969787598,0.7493442893028259,0.3321015238761902
240	-0.5202935934066772,-1.4383511543273926,-2.3777449131011963,-3.083051919937134,-3.204667329788208	1.98,-0.034999999999999976,3.0160990606647804	-54.924964904785156,-146.24303579330444,-239.42041397094727,-309.46342945098877,-320.58863639831543	0.9503283500671387,1.000173807144165,1.0239980220794678,0.7415459752082825,0.3203200101852417
240	-0.5492496490478516,-1.4624303579330444,-2.3942041397094727,-3.0946342945098877,-3.2058863639831543	1.84,-0.03250000000000003,2.8999755113001817	-57.82055854797363,-148.8033652305603,-241.31016731262207,-310.3168725967407,-320.77152729034424	0.9320971965789795,0.9871776103973389,1.0144273042678833,0.721110999584198,0.3084541857242584
240	-0.5782055854797363,-1.488033652305603,-2.4131016731262207,-3.1031687259674072,-3.2077152729034424	1.71,-0.03249999999999997,2.7980719001996586	-60.68568229675293,-151.51609182357788,-243.3523178100586,-311.1093521118164,-320.9848880767822	0.909858226776123,0.9732837080955505,1.003503680229187,0.7007659673690796,0.2981175184249878
240	-0.6068568229675293,-1.5151609182357788,-2.433523178100586,-3.111093521118164,-3.2098488807678223	1.58,0.007500000000000007,2.5620558979003354	-61.203837394714355,-154.22879457473755,-245.57735919952393,-312.20664978027344,-320.3143119812012	0.9366505146026611,0.9537444114685059,0.9905391931533813,0.68510901927948,0.2715020477771759
240	-0.6120383739471436,-1.5422879457473755,-2.4557735919952393,-3.1220664978027344,-3.2031431198120117	1.61,0.012499999999999956,2.4975822320489347	-60.777121782302856,-156.85007572174072,-248.01576137542725,-312.2980833053589,-320.52767276763916	0.9577403664588928,0.9457931518554688,0.9799955487251282,0.6457239389419556,0.2651746869087219
240	-0.6077712178230286,-1.5685007572174072,-2.4801576137542725,-3.122980833053589,-3.2052767276763916	1.66,0.012500000000000011,2.2070684604350013	-59.893202781677246,-158.4350347518921,-250.45416355133057,-313.30392360687256,-319.27802562713623	0.9698212146759033,0.9414814114570618,0.9628210663795471,0.6355978846549988,0.23194429278373718
240	-0.5989320278167725,-1.584350347518921,-2.5045416355133057,-3.1330392360687256,-3.1927802562713623	1.71,0.012500000000000011,2.252037949015907	-59.07024145126343,-159.37992334365845,-253.01446914672852,-312.8162384033203,-319.64378356933594	0.9825165867805481,0.9529424905776978,0.9584927558898926,0.5795781016349792,0.23736850917339325
240	-0.5907024145126343,-1.5937992334365845,-2.530144691467285,-3.128162384033203,-3.1964378356933594	1.76,0.010000000000000009,2.0954878028061934	-58.15584063529968,-159.4713568687439,-255.02614974975586,-313.822078704834,-319.1560745239258	0.9874954223632812,0.9589316844940186,0.9497220516204834,0.5732269883155823,0.21995878219604492
240	-0.5815584063529968,-1.594713568687439,-2.5502614974975586,-3.13822078704834,-3.191560745239258	1.8,0.012500000000000011,2.0915413456241394	-57.24143981933594,-159.22752618789673,-256.58063888549805,-313.91351222991943,-319.5523262023926	0.9975717663764954,0.9705978631973267,0.949074923992157,0.5359758734703064,0.22034229338169098
240	-0.5724143981933594,-1.5922752618789673,-2.5658063888549805,-3.1391351222991943,-3.195523262023926	1.85,0.012499999999999956,1.9624263472845858	-56.20511770248413,-158.64839553833008,-257.49504566192627,-314.7059917449951,-319.46089267730713	1.0048924684524536,0.9771910905838013,0.9496234655380249,0.5286083817481995,0.2064984291791916
240	-0.5620511770248413,-1.5864839553833008,-2.5749504566192627,-3.147059917449951,-3.1946089267730713	1.9,0.012500000000000011,1.9414080801898153	-55.229759216308594,-157.9473614692688,-257.9827070236206,-314.7974491119385,-319.8571443557739	1.0128999948501587,0.9876294732093811,0.9562912583351135,0.5055425763130188,0.20493865013122559
240	-0.5522975921630859,-1.579473614692688,-2.579827070236206,-3.1479744911193848,-3.1985714435577393	1.95,0.012500000000000011,1.8479962712039983	-54.16296124458313,-157.09391832351685,-257.9827070236206,-315.2851104736328,-319.8571443557739	1.0187811851501465,0.9949292540550232,0.961963951587677,0.5048602819442749,0.19511936604976654
240	-0.5416296124458313,-1.5709391832351685,-2.579827070236206,-3.152851104736328,-3.1985714435577393	2.0,0.007499999999999951,1.8405006496006524	-53.43143939971924,-156.2100052833557,-257.70840644836426,-315.25466442108154,-320.16191482543945	1.0204201936721802,1.0043407678604126,0.9708256125450134,0.49446138739585876,0.19485676288604736
240	-0.5343143939971924,-1.5621000528335571,-2.5770840644836426,-3.1525466442108154,-3.2016191482543945	2.03,0.010000000000000009,1.7990892226853645	-52.60847806930542,-155.26511669158936,-257.1902275085449,-315.43753147125244,-320.19240856170654	1.0252246856689453,1.009840726852417,0.9789896607398987,0.4999248683452606,0.19045807421207428
240	-0.5260847806930542,-1.5526511669158936,-2.571902275085449,-3.1543753147125244,-3.2019240856170654	2.07,0.007500000000000062,1.8139965522119847	-51.9379198551178,-154.44215536117554,-256.4892053604126,-315.2851104736328,-320.37527561187744	1.0276827812194824,1.0161432027816772,0.9874711036682129,0.49961623549461365,0.19232876598834991
240	-0.519379198551178,-1.5444215536117554,-2.564892053604126,-3.152851104736328,-3.2037527561187744	2.1,0.010000000000000009,1.812164467072874	-51.17592215538025,-153.61920595169067,-255.6967258453369,-315.25466442108154,-320.40576934814453	1.0331896543502808,1.0200475454330444,0.9943639039993286,0.5087791085243225,0.1921638548374176
240	-0.5117592215538025,-1.5361920595169067,-2.556967258453369,-3.1525466442108154,-3.2040576934814453	2.14,0.007499999999999951,1.8440861882289208	-50.50535798072815,-152.82671451568604,-254.90424633026123,-315.0717496871948,-320.49720287323	1.0353513956069946,1.0246034860610962,1.0009491443634033,0.514685869216919,0.1957014501094818
240	-0.5050535798072815,-1.5282671451568604,-2.5490424633026123,-3.1507174968719482,-3.2049720287323	2.17,0.010000000000000009,1.8672389578500999	-49.712881445884705,-152.0647168159485,-254.08129692077637,-314.9498462677002,-320.52767276763916	1.0399082899093628,1.0283348560333252,1.0061722993850708,0.525094211101532,0.19819097220897675
240	-0.49712881445884705,-1.5206471681594849,-2.5408129692077637,-3.149498462677002,-3.2052767276763916	2.21,0.010000000000000009,1.8974772952040735	-48.92040193080902,-151.33320093154907,-253.2583236694336,-314.7669553756714,-320.52767276763916	1.0442436933517456,1.032331109046936,1.010751724243164,0.5336174964904785,0.20137566328048706
240	-0.4892040193080902,-1.5133320093154907,-2.532583236694336,-3.147669553756714,-3.2052767276763916	2.25,0.007499999999999951,1.9337145112263265	-48.219361901283264,-150.5407214164734,-252.4658441543579,-314.5535945892334,-320.55816650390625	1.0454336404800415,1.0360654592514038,1.0149304866790771,0.5423369407653809,0.20535379648208618
240	-0.48219361901283264,-1.5054072141647339,-2.524658441543579,-3.145535945892334,-3.2055816650390625	2.28,0.010000000000000009,1.9666472956915062	-47.45736122131348,-149.80920553207397,-251.67336463928223,-314.3707275390625,-320.52767276763916	1.049967646598816,1.0398154258728027,1.0187610387802124,0.5516180992126465,0.20880651473999023
240	-0.47457361221313477,-1.4980920553207397,-2.5167336463928223,-3.143707275390625,-3.2052767276763916	2.32,-0.0050000000000000044,2.013660248841829	-47.42687940597534,-149.04719591140747,-250.88088512420654,-314.1268730163574,-320.58863639831543	1.0403472185134888,1.0435187816619873,1.0224738121032715,0.5594267249107361,0.21390071511268616
240	-0.4742687940597534,-1.4904719591140747,-2.5088088512420654,-3.141268730163574,-3.2058863639831543	2.3,-0.007499999999999951,2.0464550381413456	-47.76216149330139,-148.40712547302246,-250.11889934539795,-313.9744758605957,-320.55816650390625	1.0326807498931885,1.0434468984603882,1.0260088443756104,0.5697652101516724,0.21724604070186615
240	-0.4776216149330139,-1.4840712547302246,-2.5011889934539795,-3.139744758605957,-3.2055816650390625	2.27,-0.007499999999999951,2.1097432432258025	-48.280319571495056,-148.10233116149902,-249.35686588287354,-313.73064517974854,-320.74103355407715	1.0281416177749634,1.0411224365234375,1.0295251607894897,0.5765880942344666,0.22437188029289246
240	-0.48280319571495056,-1.4810233116149902,-2.4935686588287354,-3.1373064517974854,-3.2074103355407715	2.24,-0.0050000000000000044,2.125102937895559	-48.6765593290329,-148.07183742523193,-248.6863374710083,-313.70015144348145,-320.71056365966797	1.0259555578231812,1.036391019821167,1.0297927856445312,0.5897918343544006,0.2259114682674408
240	-0.486765593290329,-1.4807183742523193,-2.486863374710083,-3.1370015144348145,-3.2071056365966797	2.22,-0.007500000000000062,2.156991465171954	-49.225202202796936,-148.2547163963318,-248.19862842559814,-313.48679065704346,-320.71056365966797	1.0217536687850952,1.0335139036178589,1.028615951538086,0.5951666831970215,0.2293134331703186
240	-0.49225202202796936,-1.4825471639633179,-2.4819862842559814,-3.1348679065704346,-3.2071056365966797	2.19,0.0050000000000000044,2.1673970481973783	-49.164241552352905,-148.52904081344604,-247.9548215866089,-313.3648872375488,-320.58863639831543	1.030016303062439,1.0292514562606812,1.0266432762145996,0.6024346351623535,0.23015043139457703
240	-0.49164241552352905,-1.4852904081344604,-2.479548215866089,-3.1336488723754883,-3.2058863639831543	2.21,0.07250000000000001,2.1646302954617203	-45.41520178318024,-148.83383512496948,-247.86336421966553,-313.2124900817871,-320.34480571746826	1.093086838722229,1.0261107683181763,1.0232691764831543,0.6052225232124329,0.22948715090751648
240	-0.45415201783180237,-1.4883383512496948,-2.4786336421966553,-3.132124900817871,-3.2034480571746826	2.5,0.07499999999999996,2.154478425464375	-40.35552144050598,-148.3461618423462,-247.9243278503418,-313.0296230316162,-320.0400114059448	1.1267211437225342,1.0425803661346436,1.0204627513885498,0.6048519611358643,0.22776231169700623
240	-0.4035552144050598,-1.483461618423462,-2.479243278503418,-3.130296230316162,-3.2004001140594482	2.8,0.07250000000000001,2.0812551018433765	-35.38728058338165,-146.151602268219,-247.98526763916016,-312.8772258758545,-319.3084716796875	1.149986743927002,1.0716668367385864,1.018846869468689,0.603884756565094,0.21875575184822083
240	-0.35387280583381653,-1.46151602268219,-2.4798526763916016,-3.128772258758545,-3.193084716796875	3.09,0.07250000000000001,2.142551140203431	-31.211522221565247,-142.73784160614014,-247.58903980255127,-312.2371435165405,-319.21703815460205	1.1808264255523682,1.1013087034225464,1.0317574739456177,0.5891616344451904,0.2251082807779312
240	-0.31211522221565247,-1.4273784160614014,-2.4758903980255127,-3.1223714351654053,-3.1921703815460205	3.38,0.07250000000000001,2.2385797046584424	-27.157679200172424,-138.5316014289856,-246.2174415588379,-311.99328899383545,-319.46089267730713	1.2081505060195923,1.124017357826233,1.052941918373108,0.5930732488632202,0.2356524020433426
240	-0.27157679200172424,-1.385316014289856,-2.462174415588379,-3.1199328899383545,-3.1946089267730713	3.67,0.02749999999999997,2.247078985948152	-24.749760329723358,-133.99007320404053,-243.7180757522583,-311.96279525756836,-319.46089267730713	1.2021740674972534,1.1604924201965332,1.0727295875549316,0.6112462878227234,0.23649439215660095
240	-0.24749760329723358,-1.3399007320404053,-2.437180757522583,-3.1196279525756836,-3.1946089267730713	3.78,-0.04749999999999999,2.292966992047735	-25.603199005126953,-130.18008470535278,-240.3043270111084,-311.3227128982544,-319.5218324661255	1.1555930376052856,1.183328628540039,1.0950548648834229,0.6263432502746582,0.24145381152629852
240	-0.25603199005126953,-1.3018008470535278,-2.403043270111084,-3.113227128982544,-3.195218324661255	3.59,-0.04499999999999993,2.618784461838661	-27.52344012260437,-128.07697057724,-236.58576011657715,-310.164475440979,-321.10679149627686	1.1283609867095947,1.1789042949676514,1.1275906562805176,0.64384925365448,0.27932029962539673
240	-0.2752344012260437,-1.2807697057724,-2.3658576011657715,-3.10164475440979,-3.2110679149627686	3.41,-0.04749999999999999,2.5568540323148077	-29.778960347175598,-127.55880355834961,-232.83672332763672,-310.377836227417,-320.58863639831543	1.1011539697647095,1.1577234268188477,1.1512964963912964,0.7163950800895691,0.2715710997581482
240	-0.297789603471756,-1.275588035583496,-2.328367233276367,-3.10377836227417,-3.2058863639831543	3.22,-0.04500000000000004,2.8432066352567045	-32.369762659072876,-128.29031944274902,-230.55071830749512,-308.2747220993042,-321.71640396118164	1.0804522037506104,1.1408138275146484,1.1602542400360107,0.7357721328735352,0.30470746755599976
240	-0.32369762659072876,-1.2829031944274902,-2.305507183074951,-3.082747220993042,-3.2171640396118164	3.04,-0.04749999999999999,2.8964366694449275	-34.960559010505676,-129.60095405578613,-229.33151721954346,-307.6956033706665,-321.0763454437256	1.0535640716552734,1.1174362897872925,1.1511309146881104,0.7949756979942322,0.30878692865371704
240	-0.34960559010505676,-1.2960095405578613,-2.2933151721954346,-3.076956033706665,-3.210763454437256	2.85,-0.040000000000000036,3.1259808629177153	-37.49040067195892,-131.49073123931885,-229.17912006378174,-306.506872177124,-321.2897062301636	1.034205675125122,1.0979052782058716,1.1392545700073242,0.8045604825019836,0.3338851034641266
240	-0.37490400671958923,-1.3149073123931885,-2.2917912006378174,-3.0650687217712402,-3.2128970623016357	2.69,-0.020000000000000018,3.1219290305506657	-39.16679918766022,-133.5633635520935,-229.72776889801025,-306.47640228271484,-320.37527561187744	1.030373454093933,1.0741339921951294,1.120622992515564,0.827193021774292,0.3310091197490692
240	-0.3916679918766022,-1.335633635520935,-2.2972776889801025,-3.0647640228271484,-3.2037527561187744	2.61,-0.022499999999999964,3.229893949003642	-41.08704328536987,-135.66648960113525,-230.91650009155273,-306.0192108154297,-320.2838659286499	1.025916337966919,1.058395266532898,1.1038316488265991,0.8134824633598328,0.3422080874443054
240	-0.41087043285369873,-1.3566648960113525,-2.3091650009155273,-3.060192108154297,-3.202838659286499	2.52,-0.020000000000000018,3.1572485150755853	-42.82439947128296,-137.49529123306274,-232.44047164916992,-306.44593238830566,-319.46089267730713	1.0218333005905151,1.0412794351577759,1.0840097665786743,0.8124662637710571,0.332271009683609
240	-0.4282439947128296,-1.3749529123306274,-2.324404716491699,-3.0644593238830566,-3.1946089267730713	2.44,-0.020000000000000018,3.242599990925048	-44.622719287872314,-139.17168378829956,-234.17785167694092,-306.47640228271484,-319.82665061950684	1.0181418657302856,1.0348321199417114,1.0687835216522217,0.7844517827033997,0.34232544898986816
240	-0.44622719287872314,-1.3917168378829956,-2.341778516769409,-3.0647640228271484,-3.1982665061950684	2.36,-0.022499999999999964,3.143972733376988	-46.42104208469391,-140.81759452819824,-235.85424423217773,-307.4517488479614,-319.5523262023926	1.009333610534668,1.0283875465393066,1.051637887954712,0.7788075804710388,0.33114540576934814
240	-0.4642104208469391,-1.4081759452819824,-2.3585424423217773,-3.0745174884796143,-3.195523262023926	2.27,-0.01749999999999996,3.09812772681119	-48.097437620162964,-142.55496263504028,-237.4392032623291,-308.03089141845703,-319.79615688323975	1.0065912008285522,1.0240015983581543,1.0383877754211426,0.7536499500274658,0.32693925499916077
240	-0.48097437620162964,-1.4255496263504028,-2.374392032623291,-3.0803089141845703,-3.1979615688323975	2.2,0.007499999999999951,2.9739288608181225	-48.31080138683319,-144.26183700561523,-238.90223503112793,-308.94527435302734,-319.7351932525635	1.0241167545318604,1.0171035528182983,1.0295149087905884,0.7390387058258057,0.31369978189468384
240	-0.4831080138683319,-1.4426183700561523,-2.3890223503112793,-3.0894527435302734,-3.1973519325256348	2.23,0.0050000000000000044,2.878554090469943	-48.219361901283264,-145.72488069534302,-240.39576053619385,-309.6158504486084,-319.8571443557739	1.031672477722168,1.017809271812439,1.0230532884597778,0.7165232300758362,0.30397647619247437
240	-0.48219361901283264,-1.4572488069534302,-2.4039576053619385,-3.096158504486084,-3.1985714435577393	2.25,0.007499999999999951,2.76015665725909	-47.82312214374542,-146.63927555084229,-241.91975593566895,-310.28640270233154,-319.79615688323975	1.0383421182632446,1.0211561918258667,1.0175217390060425,0.7004876732826233,0.29126933217048645
240	-0.4782312214374542,-1.4663927555084229,-2.4191975593566895,-3.1028640270233154,-3.1979615688323975	2.28,0.0050000000000000044,2.6674020171349317	-47.45736122131348,-147.15744256973267,-243.26088428497314,-310.7740879058838,-319.82665061950684	1.040907382965088,1.0268810987472534,1.0142050981521606,0.6812500953674316,0.281523734331131
240	-0.47457361221313477,-1.4715744256973267,-2.4326088428497314,-3.107740879058838,-3.1982665061950684	2.3,0.007500000000000062,2.595472767189129	-46.96968197822571,-147.34032154083252,-244.38862800598145,-311.23130321502686,-319.9180841445923	1.0457578897476196,1.0317811965942383,1.0144671201705933,0.6652734875679016,0.27412477135658264
240	-0.4696968197822571,-1.4734032154083252,-2.4438862800598145,-3.1123130321502686,-3.199180841445923	2.33,0.0050000000000000044,2.5350611373753855	-46.54296040534973,-147.27935791015625,-245.21160125732422,-311.62753105163574,-320.0705051422119	1.0471141338348389,1.0361000299453735,1.0161727666854858,0.6520907878875732,0.26811471581459045
240	-0.4654296040534973,-1.4727935791015625,-2.452116012573242,-3.1162753105163574,-3.200705051422119	2.35,0.015000000000000013,2.4641764145673317	-45.59808075428009,-147.06599712371826,-245.72978019714355,-312.02378273010254,-320.1009511947632	1.0568804740905762,1.0392372608184814,1.017977237701416,0.6434755325317383,0.26066914200782776
240	-0.4559808075428009,-1.4706599712371826,-2.4572978019714355,-3.1202378273010254,-3.201009511947632	2.41,0.020000000000000018,2.4164443132716444	-44.25696134567261,-146.7002511024475,-246.03455066680908,-312.2371435165405,-320.2228784561157	1.0677826404571533,1.0444728136062622,1.0216952562332153,0.6348469257354736,0.25584179162979126
240	-0.4425696134567261,-1.467002511024475,-2.460345506668091,-3.1223714351654053,-3.2022287845611572	2.49,0.01749999999999996,2.370057267814449	-42.854881286621094,-145.99920511245728,-246.12600803375244,-312.4200105667114,-320.2533721923828	1.0726892948150635,1.0513701438903809,1.0252765417099,0.6307611465454102,0.2510322034358978
240	-0.42854881286621094,-1.4599920511245728,-2.4612600803375244,-3.1242001056671143,-3.202533721923828	2.56,0.020000000000000018,2.3457063810726786	-41.36136174201965,-145.05431652069092,-245.9735870361328,-312.4505043029785,-320.2838659286499	1.079618215560913,1.0590711832046509,1.0297927856445312,0.6270115971565247,0.24855104088783264
240	-0.41361361742019653,-1.4505431652069092,-2.459735870361328,-3.124505043029785,-3.202838659286499	2.64,0.020000000000000018,2.33247107469495	-39.77639973163605,-143.89609098434448,-245.57735919952393,-312.4505043029785,-320.2838659286499	1.0843427181243896,1.06592857837677,1.0358972549438477,0.6267958879470825,0.24706780910491943
240	-0.3977639973163605,-1.4389609098434448,-2.4557735919952393,-3.124505043029785,-3.202838659286499	2.72,0.01749999999999996,2.3384142591334487	-38.3133590221405,-142.58544445037842,-244.90680694580078,-312.35904693603516,-320.37527561187744	1.086713194847107,1.0725984573364258,1.0423332452774048,0.6283416152000427,0.24788565933704376
