4
4
1 2
4
18	
8	15   0.04
1	18   0.08
0	8.8849
4.572	8.2144
6.6142	7.6657
10.0584	7.7876
12.893	8.1534
16.8554	8.2753
20.1473	8.001
23.8963	7.6048
25.7556	7.0561
29.1694	6.4465
34.5948	6.2332
36.6674	6.5075
37.9689	7.0561
39.9593	7.3
41.5138	7.7572
42.5806	7.9705
45.9943	8.3363
49.53	8.824
35.05
28	
11	23 0.04
1	28 0.08
0	8.6594
3.7795	8.193
5.4864	7.7968
6.5837	7.8425
8.321	7.8821
10.668	8.1351
10.6985	8.1351
13.9294	8.1321
13.9903	8.126
16.6726	7.9004
19.751	7.5773
21.5189	7.0531
21.6713	7.0256
24.2316	6.4922
24.8107	6.4038
29.9923	6.1631
32.4917	6.3856
32.7965	6.4679
34.1071	6.8092
34.9301	6.8793
36.5455	7.1384
36.6979	7.1811
38.4658	7.6474
39.4716	7.8242
41.7271	8.0498
42.733	8.2022
43.5254	8.3454
46.0553	8.7051
35.05
28	
11	23 0.04
1	28 0.08
0	8.4338
2.987	8.1686
4.3282	7.9278
5.2121	7.9705
6.5532	7.9766
8.4125	8.1168
8.443	8.1168
11.0033	7.9858
11.0642	7.9797
13.1674	7.7998
15.6058	7.5499
17.3126	7.0531
17.4346	7.0195
19.873	6.4313
20.4216	6.3612
25.3594	6.093
28.3464	6.2667
28.7122	6.3246
30.2362	6.5654
31.2115	6.6172
33.1013	6.9738
33.3146	7.0226
35.3873	7.5377
36.3322	7.6749
38.4962	7.876
39.4411	8.0681
40.2031	8.2357
42.611	8.5893
38.1
27	
10	22 0.04
1	27 0.08
0	8.2113
2.1946	8.1473
3.1699	8.0589
3.81	8.1016
4.8158	8.0711
6.1874	8.0985
8.0772	7.8425
8.1077	7.8364
9.6622	7.7023
11.4605	7.5255
13.0759	7.05
13.1978	7.0134
15.5143	6.3703
16.0325	6.3155
20.7264	6.0198
24.1706	6.1448
24.5974	6.1783
26.3652	6.3185
27.493	6.3581
29.6875	6.8123
29.9009	6.8641
32.3393	7.4249
33.2232	7.5286
35.2349	7.7023
36.1493	7.9309
36.8503	8.126
39.1363	8.4704
32.00
16	
5	12 0.04
1	16 0.08
0	7.9858
2.4384	8.2296
3.9624	8.0772
5.1816	7.6901
7.3152	7.4981
8.9611	7.0104
11.1557	6.3094
16.0934	5.9497
20.4826	6.035
23.7744	6.096
26.5176	6.7056
29.2608	7.3152
32.004	7.5286
33.528	8.0162
35.6616	8.3515
0.9144	8.0467
2 3
7
33	
13	28 0.04
1	33 0.08
1.0058	7.5042
1.2192	7.6871
1.8898	7.4737
2.347	7.5347
3.048	7.4737
4.1148	7.5042
5.0292	7.3213
6.096	7.4127
7.1933	7.4127
8.3515	7.3823
9.5402	7.5316
10.4546	7.6657
11.43	7.2908
13.335	6.7666
14.7523	6.5898
15.5524	6.3337
17.0383	6.2179
18.227	6.0411
18.9128	5.8887
19.2786	5.8887
19.5986	6.0107
19.7358	5.9802
20.2844	6.285
20.6959	6.8031
21.0617	6.9555
22.5704	7.1689
23.8049	7.4127
24.8107	7.4127
25.7556	7.5956
26.67	7.809
27.5539	8.1138
28.3769	8.4795
29.1084	8.9063
39.62
56	
18	45 0.04
1	56 0.08
0.7925	8.0742
0.8839	7.6017
1.0668	7.748
1.7374	7.5255
2.1336	7.5499
2.1641	7.5529
2.6518	7.4706
2.8651	7.4493
3.8405	7.4493
3.9014	7.4524
4.7854	7.2969
5.4559	7.3487
5.8217	7.3792
6.8885	7.3792
7.1933	7.3731
8.0162	7.3579
9.1745	7.4889
10.0584	7.6078
10.9728	7.1872
11.1557	7.1232
12.3139	6.794
12.7711	6.669
13.3502	6.5928
14.1122	6.4953
14.8742	6.2606
15.2705	6.2271
15.5143	6.1874
16.2763	6.1265
17.4041	5.968
18.0442	5.8339
18.349	5.8339
18.6842	5.9436
18.8366	5.9192
19.4158	6.1874
19.6901	6.4648
19.873	6.6355
20.2692	6.7727
20.3302	6.7818
20.9093	6.8519
20.9398	6.858
21.4579	6.9494
21.5494	6.9769
21.8542	7.0317
22.4942	7.1689
23.1953	7.3304
23.8049	7.3457
24.2316	7.3548
24.3535	7.3548
24.4145	7.367
25.0241	7.4524
25.4508	7.5194
25.6337	7.556
26.4871	7.7236
27.5234	8.0071
28.4683	8.3393
29.2913	8.7234
39.62
56	
18	45 0.04
1	56 0.08
0.6401	8.0985
0.7315	7.7023
0.9449	7.809
1.585	7.5804
1.9812	7.5743
2.0117	7.5682
2.4689	7.4493
2.6822	7.428
3.5966	7.3975
3.6881	7.3975
4.5415	7.2725
5.1816	7.3182
5.5474	7.3426
6.5837	7.3487
6.8885	7.3426
7.681	7.3335
8.8087	7.4463
9.6622	7.5468
10.5461	7.0836
10.6985	7.0074
11.7653	6.6873
12.2225	6.5715
12.7711	6.4983
13.4722	6.4008
14.2037	6.1905
14.5694	6.1509
14.7828	6.093
15.5143	6.0381
16.5506	5.8979
17.1602	5.779
17.4346	5.779
17.8003	5.8735
17.9527	5.8552
18.5623	6.0899
18.8671	6.3246
19.05	6.4709
19.4462	6.5867
19.5377	6.5989
20.1473	6.6599
20.1778	6.6721
20.7264	6.7879
20.8178	6.8275
21.1531	6.8976
21.8542	7.0531
22.5552	7.2512
23.2562	7.2756
23.7439	7.2969
23.8963	7.2969
23.9573	7.3061
24.6278	7.3792
25.1155	7.4432
25.3289	7.4767
26.3042	7.6383
27.4625	7.8974
28.5293	8.1991
29.5046	8.5374
45.72
56	
18	45 0.04
1	56 0.08
0.5182	8.126
0.6096	7.7998
0.7925	7.8669
1.4326	7.6322
1.7983	7.5956
1.8288	7.5865
2.286	7.428
2.4689	7.4036
3.3833	7.3426
3.4747	7.3457
4.2977	7.2481
4.9073	7.2878
5.273	7.3091
6.2789	7.3152
6.5837	7.3152
7.3457	7.3091
8.443	7.4036
9.2659	7.4889
10.0889	6.9769
10.2413	6.8915
11.2471	6.5776
11.6738	6.474
12.192	6.4038
12.8321	6.3033
13.5026	6.1173
13.8684	6.0777
14.0818	5.9985
14.7523	5.9466
15.7277	5.8247
16.3068	5.7241
16.4897	5.7241
16.8859	5.8064
17.0383	5.7942
17.7089	5.9924
18.0137	6.1844
18.1966	6.3033
18.6538	6.4038
18.7452	6.413
19.3853	6.4679
19.4158	6.4831
19.9949	6.6264
20.1168	6.6782
20.4521	6.7605
21.1836	6.9372
21.9456	7.1689
22.7076	7.2085
23.2867	7.239
23.4086	7.239
23.5306	7.2481
24.2621	7.3061
24.8107	7.367
25.0546	7.4005
26.1214	7.5529
27.432	7.7907
28.6207	8.0589
29.6875	8.3546
44.20
56	
18	45 0.04
1	56 0.08
0.3962	8.1504
0.4877	7.8974
0.6706	7.9278
1.2497	7.6871
1.6459	7.617
1.6764	7.6048
2.1031	7.4097
2.286	7.3792
3.1699	7.2908
3.2309	7.2939
4.0538	7.2238
4.6634	7.2542
4.9987	7.2725
5.9741	7.2847
6.2789	7.2847
7.0104	7.2847
8.0772	7.3609
8.9002	7.431
9.6317	6.8732
9.7841	6.7727
10.729	6.4679
11.1252	6.3795
11.5824	6.3063
12.192	6.2088
12.8321	6.0442
13.1369	6.0015
13.3502	5.904
13.9598	5.8583
14.9047	5.7516
15.4229	5.6693
15.5753	5.6693
15.9715	5.7394
16.1544	5.7333
16.8554	5.8918
17.1907	6.0442
17.3736	6.1356
17.8308	6.221
17.9527	6.2301
18.6233	6.2758
18.6538	6.2972
19.2634	6.4648
19.3853	6.5288
19.751	6.6264
20.513	6.8214
21.336	7.0866
22.1894	7.1384
22.799	7.178
22.9514	7.1811
23.0734	7.1872
23.8963	7.2329
24.4754	7.2908
24.7498	7.3213
25.969	7.4676
27.371	7.684
28.7122	7.9187
29.9009	8.1717
32.00
56	
18	45 0.04
1	56 0.08
0.2743	8.1778
0.3353	7.998
0.5182	7.9888
1.0973	7.7389
1.463	7.6383
1.4935	7.623
1.9202	7.3884
2.1031	7.3548
2.9566	7.239
3.0175	7.239
3.81	7.1994
4.3891	7.2238
4.7244	7.239
5.6693	7.2512
5.9436	7.2542
6.6751	7.2603
7.7114	7.3213
8.5039	7.3731
9.205	6.7696
9.3269	6.6568
10.2108	6.3581
10.5461	6.2819
11.0033	6.2118
11.5824	6.1143
12.131	5.9741
12.4358	5.9284
12.6187	5.8125
13.1978	5.7668
14.0513	5.6784
14.539	5.6144
14.6609	5.6144
15.0876	5.6723
15.2705	5.6723
16.002	5.7942
16.3373	5.904
16.5506	5.971
17.0383	6.035
17.1298	6.0442
17.8613	6.0869
17.8918	6.1112
18.5318	6.3033
18.6538	6.3764
19.05	6.4892
19.8425	6.7056
20.7264	7.0043
21.6408	7.0714
22.3114	7.1201
22.4942	7.1232
22.6162	7.1293
23.5306	7.1598
24.1706	7.2146
24.445	7.242
25.7861	7.3823
27.3406	7.5743
28.8036	7.7785
30.0838	7.9888
36.58
56	
18	45 0.04
1	56 0.08
0.1219	8.2022
0.2134	8.0955
0.3962	8.0498
0.9449	7.7937
1.3106	7.6596
1.3411	7.6383
1.7374	7.367
1.9202	7.3335
2.7432	7.1841
2.8042	7.1872
3.5662	7.175
4.1453	7.1933
4.4501	7.2055
5.3645	7.2207
5.6388	7.2238
6.3398	7.236
7.3457	7.2786
8.1077	7.3122
8.7478	6.666
8.8697	6.541
9.6622	6.2514
9.9974	6.1844
10.3937	6.1143
10.9423	6.0198
11.4605	5.9009
11.7348	5.8522
11.9177	5.718
12.4358	5.6784
13.2283	5.6083
13.6855	5.5596
13.716	5.5596
14.1732	5.6022
14.3561	5.6083
15.1486	5.6967
15.5143	5.7638
15.7277	5.8034
16.2458	5.8522
16.3373	5.8613
17.0993	5.8948
17.1298	5.9223
17.8003	6.1417
17.9527	6.2271
18.349	6.3551
19.2024	6.5898
20.0863	6.9251
21.1226	7.0013
21.8542	7.0622
22.037	7.0653
22.159	7.0683
23.1343	7.0866
23.8354	7.1384
24.1706	7.1658
25.6032	7.2969
27.3101	7.4676
28.8646	7.6383
30.2971	7.8029
39.62
28	
7	22 0.04
1	28 0.08
0	8.2296
1.1278	7.681
1.5545	7.3457
2.5298	7.1323
3.871	7.1628
5.334	7.1933
7.7114	7.2542
8.4125	6.4252
9.144	6.1417
9.8146	6.0198
11.0338	5.779
11.1862	5.6236
12.8016	5.5047
14.6609	5.6236
15.5448	5.6754
16.3373	5.7028
16.3678	5.7363
17.0688	5.9802
17.2212	6.0777
17.6479	6.2179
18.5318	6.474
19.4767	6.8428
20.574	6.9342
21.3665	7.0043
21.7018	7.0104
22.7686	7.0134
23.8658	7.0866
30.48	7.62
2 3
8
17	
3	11 0.04
1	17 0.08
0	7.9248
1.2192	7.3152
2.4384	7.2542
3.1699	6.858
3.6576	6.3398
4.8768	5.8979
6.1265	5.9436
7.3152	5.904
8.2906	6.3398
9.144	6.6142
10.3632	6.8275
12.192	6.8885
14.3256	7.1018
15.8496	7.3152
18.5928	7.4066
20.6959	7.8638
24.9936	8.0162
51.82
27	
7	21 0.04
1	27 0.08
0	7.8547
0.4572	7.6566
0.6096	7.5651
1.0058	7.3944
1.5545	7.2116
2.1336	7.1963
3.109	7.1689
3.4138	7.0348
3.7186	6.8793
3.9929	6.7544
4.511	6.3246
4.6025	6.2667
5.3035	6.0777
6.096	5.8491
7.3152	5.8918
8.382	5.8613
8.443	5.8644
9.3878	6.2941
9.6317	6.3764
10.2108	6.5654
11.369	6.7848
13.1064	6.8458
15.1181	7.0439
16.5506	7.239
17.1602	7.2603
19.111	7.3579
21.0922	7.8486
54.86
27	
7	21 0.04
1	27 0.08
0	7.7815
0.5486	7.5621
0.762	7.4493
1.2192	7.2634
1.8898	7.1079
2.5908	7.1018
3.749	7.0836
4.1148	6.9464
4.4806	6.7757
4.8158	6.6477
5.4559	6.2454
5.5474	6.1966
6.3703	6.0168
7.3152	5.776
8.4734	5.843
9.5098	5.8186
9.5707	5.8247
10.4851	6.2514
10.6985	6.3337
11.2776	6.5136
12.4054	6.7391
14.0208	6.8001
15.8801	6.983
17.2212	7.1598
17.8003	7.1841
19.6291	7.3091
21.4884	7.7358
48.16
27	
7	21 0.04
1	27 0.08
0	7.7114
0.6401	7.4706
0.8839	7.3365
1.4326	7.1293
2.225	7.0043
3.048	7.0043
4.4196	7.0013
4.8463	6.861
5.273	6.669
5.6693	6.5441
6.3703	6.1692
6.4922	6.1234
7.4371	5.9588
8.5344	5.7638
9.6622	5.7912
10.668	5.776
10.6985	5.7821
11.5824	6.2057
11.7958	6.2911
12.3444	6.4648
13.4112	6.6965
14.9047	6.7574
16.6726	6.9251
17.9222	7.0836
18.4404	7.1049
20.1473	7.2603
21.8846	7.6718
56.39
27	
7	21 0.04
1	27 0.08
0	7.6413
0.7315	7.3792
1.0058	7.2207
1.6764	6.9982
2.5298	6.9007
3.5052	6.9098
5.0902	6.9159
5.5474	6.7727
6.035	6.5623
6.4922	6.4404
7.3152	6.0899
7.4371	6.0503
8.5039	5.9009
9.7536	5.7028
10.8204	5.7424
11.7958	5.7455
11.8567	5.7424
12.6797	6.16
12.893	6.2484
13.4112	6.416
14.4475	6.6507
15.8191	6.7147
17.4346	6.8641
18.5928	7.0074
19.0805	7.0287
20.6959	7.2085
22.2809	7.6078
56.39
27	
7	21 0.04
1	27 0.08
0	7.5682
0.823	7.2878
1.1582	7.1049
1.8898	6.8671
2.8651	6.797
3.9624	6.8123
5.7302	6.8306
6.2789	6.6873
6.797	6.4587
7.3152	6.3337
8.2296	6.0137
8.3515	5.9802
9.5707	5.843
11.0033	5.651
12.0091	5.6906
12.9235	5.6906
12.9845	5.7028
13.777	6.1143
13.9598	6.2057
14.478	6.3673
15.4534	6.6081
16.7335	6.669
18.227	6.8062
19.2938	6.9312
19.751	6.9525
21.2141	7.1598
22.6771	7.5408
54.86
28	
7	21 0.04
1	28 0.08
0	7.559
0.9449	7.1963
1.2802	6.9891
2.1031	6.7361
3.2004	6.6934
4.4196	6.7178
6.4008	6.7452
6.9799	6.5989
7.5895	6.352
8.1382	6.2301
9.1745	5.9345
9.2964	5.907
10.668	5.7851
12.2225	5.5839
13.1978	5.6388
14.0513	5.6479
14.1122	5.6632
14.8742	6.0716
15.0571	6.1631
15.5448	6.3155
16.4897	6.5623
17.6479	6.6264
19.0195	6.7452
19.9949	6.8519
20.3911	6.8763
21.7322	7.111
23.0734	7.4767
25.0241	7.7114
57.00
28	
7	21 0.04
1	28 0.08
0	7.5377
1.0363	7.1018
1.4021	6.8763
2.3165	6.602
3.5357	6.5898
4.8768	6.6233
7.0714	6.6629
7.7114	6.5136
8.3515	6.2454
8.9611	6.1265
10.0889	5.8552
10.2413	5.8339
11.7348	5.7241
13.4417	5.5535
14.3561	5.59
15.2095	5.6022
15.24	5.6236
15.9715	6.0259
16.1544	6.1204
16.5811	6.2667
17.4955	6.5197
18.5623	6.5837
19.7815	6.6873
20.6654	6.7757
21.0312	6.797
22.2504	7.0622
23.4696	7.4127
25.0241	7.681
57.91
28	
7	21 0.04
1	28 0.08
0	7.5042
1.1278	7.0104
1.5545	6.7605
2.5298	6.4709
3.871	6.4861
5.334	6.5258
7.7114	6.5776
8.4125	6.4252
9.144	6.1417
9.8146	6.0198
11.0338	5.779
11.1862	5.7638
12.8016	5.6662
14.6609	5.5047
15.5448	5.5382
16.3373	5.5596
16.3678	5.5809
17.0688	5.9802
17.2212	6.0777
17.6479	6.2179
18.5318	6.474
19.4767	6.538
20.574	6.6294
21.3665	6.6995
21.7018	6.7208
22.7686	7.0134
23.8658	7.3487
25.146	7.5651
3 4
3
27	
7	21 0.04
1	27 0.08
0	7.681
2.5298	7.2542
3.5052	7.0104
5.6998	6.9494
8.7173	6.8275
12.0091	6.7056
17.3431	6.5776
18.9281	6.4252
20.574	6.1417
22.0675	6.0198
24.8107	5.779
25.1765	5.7638
28.8036	5.6662
32.0345	5.4712
34.9606	5.5382
36.7589	5.5596
36.8198	5.5809
38.4048	5.9802
38.7401	6.0777
39.7154	6.2179
41.6966	6.474
43.8302	6.538
46.2991	6.6294
48.067	6.6995
48.829	6.7208
51.2369	7.0134
53.6753	7.5042
47.24
39	
7	33 0.04
1	39 0.08
0	7.6505
2.5298	7.1719
3.4747	6.9281
5.6693	6.7909
8.6868	6.7147
11.9786	6.6446
17.3431	6.5776
18.8366	6.4313
18.989	6.4191
20.4216	6.1631
20.635	6.1356
21.8542	6.035
22.2199	6.0107
24.5364	5.8064
24.8107	5.7821
24.9631	5.7729
25.2984	5.7577
28.3159	5.6784
29.0779	5.6479
32.3698	5.4315
34.4729	5.526
35.1739	5.5413
36.3931	5.5565
36.4846	5.5626
36.8808	5.6022
36.9418	5.6205
38.1305	5.9192
38.5267	6.0107
38.5267	6.0168
38.801	6.093
39.563	6.1966
39.7764	6.2271
41.6966	6.474
43.7998	6.538
46.2686	6.6294
48.067	6.6995
48.829	6.7208
51.2064	7.0134
53.6753	7.5042
42.67
39	
7	33 0.04
1	39 0.08
0	7.62
2.5298	7.0927
3.4747	6.8428
5.6693	6.6294
8.6868	6.5989
11.9786	6.5867
17.3431	6.5776
18.9281	6.4282
18.989	6.413
20.4826	6.1539
20.6959	6.1295
22.0066	6.0289
22.2809	6.0015
24.6888	5.7912
25.0241	5.7729
25.146	5.7668
25.5118	5.7546
28.5902	5.6723
29.2608	5.6297
32.6441	5.4132
34.6862	5.5321
35.3873	5.5443
36.5455	5.5565
36.6065	5.5717
37.0942	5.6449
37.1551	5.6632
38.2524	5.9497
38.4658	6.0411
38.5877	6.0472
38.9534	6.1051
39.624	6.2057
39.8374	6.2362
41.6966	6.474
43.7998	6.538
46.2686	6.6294
48.067	6.6995
48.829	6.7208
51.2064	7.0134
53.6753	7.5072
51.82
27	
7	21 0.04
1	27 0.08
0	7.5895
2.5298	7.0104
3.4747	6.7605
5.6693	6.4709
8.6868	6.4861
11.9786	6.5258
17.3431	6.5776
18.9281	6.4252
20.574	6.1417
22.0675	6.0198
24.8107	5.779
25.146	5.7638
28.8036	5.6662
32.9794	5.395
34.9606	5.5382
36.7589	5.5596
36.8198	5.5809
38.4048	5.9802
38.7401	6.0777
39.685	6.2179
41.6966	6.474
43.7998	6.538
46.2686	6.6294
48.067	6.6995
48.829	6.7208
51.2064	7.0134
53.6753	7.5133


