Time	Interpolated_Value
4.000000
4.000000
4.000000
4.000000
4.000000
4.000000
4.000000
4.000000
4.000000
4.000000
4.000000
4.000000
4.000000
4.000000
4.000000
4.000000
4.000000
4.000000
4.000000
4.000000
4.000000
4.000000
4.000000
4.000000
4.000000
4.000000
4.000000
4.000000
4.000000
4.000000
4.000000
4.000000
4.000000
4.000000
4.000000
4.000000
4.000000
4.000000
4.000000
4.000000
4.000000
4.000000
4.000000
4.000000
3.982199
3.982199
3.982199
3.982199
3.931840
3.931840
3.931840
3.931840
3.881070
3.881070
3.881070
3.881070
3.889701
3.889701
3.889701
3.889701
3.940471
3.940471
3.940471
3.940471
3.988672
3.988672
3.988672
3.988672
4.000000
4.000000
4.000000
4.000000
4.000000
4.000000
4.000000
4.000000
4.000000
4.000000
4.000000
4.000000
4.000000
4.000000
4.000000
4.000000
4.000000
4.000000
4.000000
4.000000
4.000000
4.000000
4.000000
4.000000
4.000000
4.000000
4.000000
4.000000
4.000000
4.000000
4.000000
4.000000
4.000000
4.000000
4.000000
4.000000
4.000000
4.000000
4.000000
4.000000
4.000000
4.000000
4.000000
4.000000
4.000000
4.000000
4.000000
4.000000
4.000000
4.000000
4.000000
4.000000
4.000000
4.000000
4.000000
4.000000
4.000000
4.000000
4.000000
4.000000
3.993688
3.993688
3.993688
3.993688
3.943845
3.943845
3.943845
3.943845
3.884722
3.884722
3.884722
3.884722
3.814783
3.814783
3.814783
3.814783
3.742562
3.742562
3.742562
3.742562
3.673797
3.673797
3.673797
3.673797
3.606085
3.606085
3.606085
3.606085
3.538430
3.538430
3.538430
3.538430
3.470468
3.470468
3.470468
3.470468
3.389673
3.389673
3.389673
3.389673
3.300220
3.300220
3.300220
3.300220
3.210815
3.210815
3.210815
3.210815
3.159348
3.159348
3.159348
3.159348
3.123894
3.123894
3.123894
3.123894
3.094873
3.094873
3.094873
3.094873
3.075284
3.075284
3.075284
3.075284
3.065611
3.065611
3.065611
3.065611
3.051884
3.051884
3.051884
3.051884
3.032560
3.032560
3.032560
3.032560
3.009776
3.009776
3.009776
3.009776
2.980804
2.980804
2.980804
2.980804
2.951812
2.951812
2.951812
2.951812
2.934268
2.934268
2.934268
2.934268
2.924595
2.924595
2.924595
2.924595
2.935217
2.935217
2.935217
2.935217
2.964203
2.964203
2.964203
2.964203
2.994210
2.994210
2.994210
2.994210
3.049221
3.049221
3.049221
3.049221
3.105616
3.105616
3.105616
3.105616
3.118243
3.118243
3.118243
3.118243
3.119982
3.119982
3.119982
3.119982
3.099002
3.099002
3.099002
3.099002
3.045507
3.045507
3.045507
3.045507
2.985761
2.985761
2.985761
2.985761
2.920918
2.920918
2.920918
2.920918
2.904798
2.904798
2.904798
2.904798
2.928514
2.928514
2.928514
2.928514
2.978403
2.978403
2.978403
2.978403
3.056912
3.056912
3.056912
3.056912
3.226377
3.226377
3.226377
3.226377
3.423623
3.423623
3.423623
3.423623
3.621869
3.621869
3.621869
3.621869
3.693025
3.693025
3.693025
3.693025
3.758490
3.758490
3.758490
3.758490
3.771778
3.771778
3.771778
3.771778
3.773478
3.773478
3.773478
3.773478
3.743333
3.743333
3.743333
3.743333
3.708297
3.708297
3.708297
3.708297
3.678148
3.678148
3.678148
3.678148
3.634373
3.634373
3.634373
3.634373
3.610435
3.610435
3.610435
3.610435
3.592971
3.592971
3.592971
3.592971
3.590000
3.590000
3.590000
3.590000
3.590000
3.590000
3.590000
3.590000
3.590000
3.590000
3.590000
3.590000
3.589129
3.589129
3.589129
3.589129
3.574426
3.574426
3.574426
3.574426
3.554808
3.554808
3.554808
3.554808
3.528623
3.528623
3.528623
3.528623
3.502253
3.502253
3.502253
3.502253
3.480462
3.480462
3.480462
3.480462
3.458704
3.458704
3.458704
3.458704
3.441289
3.441289
3.441289
3.441289
3.428035
3.428035
3.428035
3.428035
3.418188
3.418188
3.418188
3.418188
3.412551
3.412551
3.412551
3.412551
3.421149
3.421149
3.421149
3.421149
3.438912
3.438912
3.438912
3.438912
3.481449
3.481449
3.481449
3.481449
3.514275
3.514275
3.514275
3.514275
3.563976
3.563976
3.563976
3.563976
3.606274
3.606274
3.606274
3.606274
3.637464
3.637464
3.637464
3.637464
3.650000
3.650000
3.650000
3.650000
3.646576
3.646576
3.646576
3.646576
3.632977
3.632977
3.632977
3.632977
3.622164
3.622164
3.622164
3.622164
3.612491
3.612491
3.612491
3.612491
3.602826
3.602826
3.602826
3.602826
3.593451
3.593451
3.593451
3.593451
3.599764
3.599764
3.599764
3.599764
3.614275
3.614275
3.614275
3.614275
3.628370
3.628370
3.628370
3.628370
3.638841
3.638841
3.638841
3.638841
3.652771
3.652771
3.652771
3.652771
3.732890
3.732890
3.732890
3.732890
3.838442
3.838442
3.838442
3.838442
3.880910
3.880910
3.880910
3.880910
3.901040
3.901040
3.901040
3.901040
3.925601
3.925601
3.925601
3.925601
3.969076
3.969076
3.969076
3.969076
3.970708
3.970708
3.970708
3.970708
3.951984
3.951984
3.951984
3.951984
3.917645
3.917645
3.917645
3.917645
3.834918
3.834918
3.834918
3.834918
3.745743
3.745743
3.745743
3.745743
3.522754
3.522754
3.522754
3.522754
3.428696
3.428696
3.428696
3.428696
3.244392
3.244392
3.244392
3.244392
2.955521
2.955521
2.955521
2.955521
2.642772
2.642772
2.642772
2.642772
2.390761
2.390761
2.390761
2.390761
2.214322
2.214322
2.214322
2.214322
2.074403
2.074403
2.074403
2.074403
1.960652
1.960652
1.960652
1.960652
1.890725
1.890725
1.890725
1.890725
1.866824
1.866824
1.866824
1.866824
1.886302
1.886302
1.886302
1.886302
1.929719
1.929719
1.929719
1.929719
2.047296
2.047296
2.047296
2.047296
2.360755
2.360755
2.360755
2.360755
2.545616
2.545616
2.545616
2.545616
2.677866
2.677866
2.677866
2.677866
2.788234
2.788234
2.788234
2.788234
2.948877
2.948877
2.948877
2.948877
3.026630
3.026630
3.026630
3.026630
3.040000
3.040000
3.040000
3.040000
3.027246
3.027246
3.027246
3.027246
2.984783
2.984783
2.984783
2.984783
2.877500
2.877500
2.877500
2.877500
2.775595
2.775595
2.775595
2.775595
2.678433
2.678433
2.678433
2.678433
2.619620
2.619620
2.619620
2.619620
2.473913
2.473913
2.473913
2.473913
2.398494
2.398494
2.398494
2.398494
2.340440
2.340440
2.340440
2.340440
2.296232
2.296232
2.296232
2.296232
2.272246
2.272246
2.272246
2.272246
2.270000
2.270000
2.270000
2.270000
2.278043
2.278043
2.278043
2.278043
2.329730
2.329730
2.329730
2.329730
2.401403
2.401403
2.401403
2.401403
2.447101
2.447101
2.447101
2.447101
2.491174
2.491174
2.491174
2.491174
2.593376
2.593376
2.593376
2.593376
2.707631
2.707631
2.707631
2.707631
2.795562
2.795562
2.795562
2.795562
2.865652
2.865652
2.865652
2.865652
2.932747
2.932747
2.932747
2.932747
3.005435
3.005435
3.005435
3.005435
3.018152
3.018152
3.018152
3.018152
3.020000
3.020000
3.020000
3.020000
3.020000
3.020000
3.020000
3.020000
3.020000
3.020000
3.020000
3.020000
3.020000
3.020000
3.020000
3.020000
3.020000
3.020000
3.020000
3.020000
3.020342
3.020342
3.020342
3.020342
3.026546
3.026546
3.026546
3.026546
3.034832
3.034832
3.034832
3.034832
3.043118
3.043118
3.043118
3.043118
3.051403
3.051403
3.051403
3.051403
3.060658
3.060658
3.060658
3.060658
3.076751
3.076751
3.076751
3.076751
3.094155
3.094155
3.094155
3.094155
3.111559
3.111559
3.111559
3.111559
3.131206
3.131206
3.131206
3.131206
3.152965
3.152965
3.152965
3.152965
3.176643
3.176643
3.176643
3.176643
3.240380
3.240380
3.240380
3.240380
3.311924
3.311924
3.311924
3.311924
3.388103
3.388103
3.388103
3.388103
3.525616
3.525616
3.525616
3.525616
3.585942
3.585942
3.585942
3.585942
3.695734
3.695734
3.695734
3.695734
3.902482
3.902482
3.902482
3.902482
3.998533
3.998533
3.998533
3.998533
4.000000
4.000000
4.000000
4.000000
4.000000
4.000000
4.000000
4.000000
4.000000
4.000000
4.000000
4.000000
4.000000
4.000000
4.000000
4.000000
4.000000
4.000000
4.000000
4.000000
3.988442
3.988442
3.988442
3.988442
3.897174
3.897174
3.897174
3.897174
3.789101
3.789101
3.789101
3.789101
3.662793
3.662793
3.662793
3.662793
3.533504
3.533504
3.533504
3.533504
3.422711
3.422711
3.422711
3.422711
3.317543
3.317543
3.317543
3.317543
3.222323
3.222323
3.222323
3.222323
3.173370
3.173370
3.173370
3.173370
3.129891
3.129891
3.129891
3.129891
3.072112
3.072112
3.072112
3.072112
2.985732
2.985732
2.985732
2.985732
2.906743
2.906743
2.906743
2.906743
2.803448
2.803448
2.803448
2.803448
2.673794
2.673794
2.673794
2.673794
2.570543
2.570543
2.570543
2.570543
2.469094
2.469094
2.469094
2.469094
2.358475
2.358475
2.358475
2.358475
2.231944
2.231944
2.231944
2.231944
2.090036
2.090036
2.090036
2.090036
2.001739
2.001739
2.001739
2.001739
1.946685
1.946685
1.946685
1.946685
1.898089
1.898089
1.898089
1.898089
1.854628
1.854628
1.854628
1.854628
1.825606
1.825606
1.825606
1.825606
1.807913
1.807913
1.807913
1.807913
1.808792
1.808792
1.808792
1.808792
1.828116
1.828116
1.828116
1.828116
1.851168
1.851168
1.851168
1.851168
1.880174
1.880174
1.880174
1.880174
1.909181
1.909181
1.909181
1.909181
1.939095
1.939095
1.939095
1.939095
1.976276
1.976276
1.976276
1.976276
2.014821
2.014821
2.014821
2.014821
2.051550
2.051550
2.051550
2.051550
2.087815
2.087815
2.087815
2.087815
2.122760
2.122760
2.122760
2.122760
2.151857
2.151857
2.151857
2.151857
2.170626
2.170626
2.170626
2.170626
2.185131
2.185131
2.185131
2.185131
2.199637
2.199637
2.199637
2.199637
2.214143
2.214143
2.214143
2.214143
2.228649
2.228649
2.228649
2.228649
2.248736
2.248736
2.248736
2.248736
2.286299
2.286299
2.286299
2.286299
2.354813
2.354813
2.354813
2.354813
2.437801
2.437801
2.437801
2.437801
2.689638
2.689638
2.689638
2.689638
2.874096
2.874096
2.874096
2.874096
2.967715
2.967715
2.967715
2.967715
3.064486
3.064486
3.064486
3.064486
3.163569
3.163569
3.163569
3.163569
3.193659
3.193659
3.193659
3.193659
3.175499
3.175499
3.175499
3.175499
3.128591
3.128591
3.128591
3.128591
3.069995
3.069995
3.069995
3.069995
2.989915
2.989915
2.989915
2.989915
2.901226
2.901226
2.901226
2.901226
2.770960
2.770960
2.770960
2.770960
2.649694
2.649694
2.649694
2.649694
2.591209
2.591209
2.591209
2.591209
2.515146
2.515146
2.515146
2.515146
2.446812
2.446812
2.446812
2.446812
2.408164
2.408164
2.408164
2.408164
2.374610
2.374610
2.374610
2.374610
2.351615
2.351615
2.351615
2.351615
2.350357
2.350357
2.350357
2.350357
2.357473
2.357473
2.357473
2.357473
2.367339
2.367339
2.367339
2.367339
2.383623
2.383623
2.383623
2.383623
2.403007
2.403007
2.403007
2.403007
2.437659
2.437659
2.437659
2.437659
2.489509
2.489509
2.489509
2.489509
2.559275
2.559275
2.559275
2.559275
2.608152
2.608152
2.608152
2.608152
2.672398
2.672398
2.672398
2.672398
2.742826
2.742826
2.742826
2.742826
2.798696
2.798696
2.798696
2.798696
2.844379
2.844379
2.844379
2.844379
2.885117
2.885117
2.885117
2.885117
2.898062
2.898062
2.898062
2.898062
2.900000
2.900000
2.900000
2.900000
2.898405
2.898405
2.898405
2.898405
2.882308
2.882308
2.882308
2.882308
2.862973
2.862973
2.862973
2.862973
2.843637
2.843637
2.843637
2.843637
2.824376
2.824376
2.824376
2.824376
2.806468
2.806468
2.806468
2.806468
2.789065
2.789065
2.789065
2.789065
2.771661
2.771661
2.771661
2.771661
2.760196
2.760196
2.760196
2.760196
2.760000
2.760000
2.760000
2.760000
2.760000
2.760000
2.760000
2.760000
2.740701
2.740701
2.740701
2.740701
2.706844
2.706844
2.706844
2.706844
2.609401
2.609401
2.609401
2.609401
2.546421
2.546421
2.546421
2.546421
2.528283
