Time	Interpolated_Value
4.000000
4.000000
4.000000
4.000000
4.000000
4.000000
4.000000
4.000000
4.000000
4.000000
4.000000
4.000000
4.000000
4.000000
4.000000
4.000000
4.000000
4.000000
4.000000
4.000000
4.000000
4.000000
4.000000
4.000000
4.000000
4.000000
4.000000
4.000000
4.000000
4.000000
4.000000
4.000000
4.000000
4.000000
4.000000
4.000000
4.000000
4.000000
4.000000
4.000000
4.000000
4.000000
4.000000
4.000000
4.000000
3.988957
3.976265
3.963572
3.950879
3.938187
3.925494
3.912801
3.900109
3.887416
3.874723
3.862031
3.870662
3.883354
3.896047
3.908740
3.921432
3.934125
3.946818
3.959510
3.972203
3.984896
3.997588
4.000000
4.000000
4.000000
4.000000
4.000000
4.000000
4.000000
4.000000
4.000000
4.000000
4.000000
4.000000
4.000000
4.000000
4.000000
4.000000
4.000000
4.000000
4.000000
4.000000
4.000000
4.000000
4.000000
4.000000
4.000000
4.000000
4.000000
4.000000
4.000000
4.000000
4.000000
4.000000
4.000000
4.000000
4.000000
4.000000
4.000000
4.000000
4.000000
4.000000
4.000000
4.000000
4.000000
4.000000
4.000000
4.000000
4.000000
4.000000
4.000000
4.000000
4.000000
4.000000
4.000000
4.000000
4.000000
4.000000
4.000000
4.000000
4.000000
4.000000
4.000000
4.000000
4.000000
3.994631
3.980121
3.965611
3.951100
3.936590
3.922080
3.907570
3.893059
3.878188
3.860072
3.841957
3.823841
3.805725
3.787609
3.769493
3.751377
3.733261
3.716119
3.699190
3.682261
3.665333
3.648404
3.631475
3.614547
3.597618
3.580700
3.563792
3.546884
3.529976
3.513068
3.496159
3.479251
3.462343
3.444120
3.422341
3.400563
3.378784
3.357005
3.335227
3.312101
3.288551
3.265000
3.241449
3.217899
3.197391
3.186522
3.175652
3.164783
3.153913
3.143043
3.134776
3.127521
3.120266
3.113011
3.105756
3.098501
3.091245
3.083990
3.078912
3.076493
3.074075
3.071657
3.069238
3.066820
3.064401
3.061983
3.059130
3.054300
3.049469
3.044638
3.039807
3.034976
3.030145
3.025314
3.020483
3.013466
3.006207
2.998947
2.991688
2.984428
2.977174
2.969928
2.962681
2.955435
2.948188
2.940942
2.937896
2.935478
2.933059
2.930641
2.928222
2.925804
2.923386
2.920967
2.924348
2.931594
2.938841
2.946087
2.953333
2.960580
2.967826
2.975072
2.982319
2.989565
2.996812
3.008145
3.022691
3.037236
3.057609
3.079348
3.100181
3.103804
3.107428
3.111051
3.114674
3.118297
3.120000
3.120000
3.120000
3.120000
3.120000
3.119927
3.112655
3.105382
3.096232
3.081739
3.067246
3.052754
3.038261
3.023768
3.009275
2.994783
2.980290
2.958696
2.936957
2.919201
2.915572
2.911942
2.908312
2.904682
2.901053
2.905145
2.912391
2.919638
2.933768
2.948261
2.962069
2.972958
2.983848
2.994737
3.005626
3.016515
3.084638
3.120870
3.157101
3.203333
3.250435
3.294638
3.323623
3.352609
3.487391
3.530870
3.574348
3.608618
3.637709
3.666800
3.676449
3.683696
3.693297
3.718659
3.744022
3.760895
3.763313
3.765732
3.768150
3.770568
3.772987
3.775405
3.777823
3.779275
3.772029
3.764783
3.756920
3.747862
3.738804
3.729746
3.720688
3.711630
3.704058
3.696812
3.689565
3.682319
3.675072
3.665636
3.651091
3.636545
3.627343
3.622512
3.617681
3.612850
3.608019
3.603188
3.598357
3.593527
3.590000
3.590000
3.590000
3.590000
3.590000
3.590000
3.590000
3.590000
3.590000
3.590000
3.590000
3.590000
3.590000
3.590000
3.590000
3.590000
3.590000
3.586518
3.581681
3.576844
3.572007
3.567170
3.562334
3.557497
3.552660
3.546739
3.539493
3.532246
3.525000
3.517754
3.510507
3.504941
3.499501
3.494062
3.488622
3.483182
3.477743
3.472303
3.466863
3.461423
3.455984
3.450544
3.446733
3.443103
3.439474
3.435844
3.432214
3.429058
3.426643
3.424227
3.421812
3.419396
3.416981
3.414565
3.412150
3.410266
3.412684
3.415103
3.417521
3.419940
3.422358
3.424776
3.427195
3.429613
3.442174
3.456667
3.470580
3.477826
3.485072
3.492319
3.499565
3.506812
3.518116
3.532609
3.547101
3.558711
3.569601
3.580490
3.591379
3.602269
3.612101
3.619348
3.626594
3.633841
3.641087
3.648333
3.650000
3.650000
3.650000
3.650000
3.650000
3.649058
3.645435
3.641812
3.638188
3.634565
3.630942
3.628210
3.625792
3.623374
3.620955
3.618537
3.616119
3.613700
3.611282
3.608865
3.606449
3.604034
3.601618
3.599203
3.596787
3.594372
3.591957
3.590690
3.594319
3.597949
3.601579
3.605209
3.608838
3.612464
3.616087
3.619710
3.623333
3.626957
3.630386
3.632802
3.635217
3.637633
3.640048
3.642464
3.644879
3.647295
3.649710
3.669200
3.691018
3.714239
3.746848
3.779457
3.808043
3.829783
3.851522
3.864420
3.871667
3.878913
3.884111
3.888948
3.893785
3.898622
3.903458
3.908295
3.913132
3.917969
3.928406
3.942899
3.957391
3.965942
3.973188
3.979782
3.976152
3.972523
3.968893
3.965263
3.961633
3.956014
3.948768
3.941522
3.934275
3.927029
3.919130
3.890145
3.861159
3.837060
3.826171
3.815281
3.804392
3.793503
3.782613
3.602464
3.566232
3.530000
3.508261
3.486522
3.464783
3.443043
3.421304
3.385652
3.334928
3.284203
3.216425
3.142015
3.067604
2.993194
2.918784
2.842500
2.759167
2.675833
2.600652
2.535435
2.470217
2.415000
2.364275
2.313551
2.272935
2.233080
2.193818
2.157455
2.121091
2.087826
2.058841
2.029855
2.000870
1.971884
1.942899
1.926957
1.912464
1.897971
1.883478
1.868986
1.861379
1.865009
1.868639
1.872269
1.875898
1.879528
1.889457
1.900326
1.911196
1.922065
1.932935
1.952681
1.988913
2.025145
2.065745
2.109382
2.153018
2.397391
2.430000
2.462609
2.495217
2.527826
2.561594
2.597826
2.634058
2.665245
2.692468
2.719691
2.746915
2.774138
2.801449
2.830435
2.859420
2.964203
2.978696
2.993188
3.007681
3.022174
3.036667
3.040000
3.040000
3.040000
3.040000
3.040000
3.038116
3.030870
3.023623
3.016377
3.009130
3.001884
2.978551
2.949565
2.920580
2.891594
2.862609
2.835217
2.813478
2.791739
2.764945
2.732218
2.699491
2.682283
2.671413
2.660543
2.649674
2.638804
2.620362
2.569638
2.518913
2.480652
2.458913
2.437174
2.420272
2.405753
2.391234
2.376715
2.362196
2.347681
2.333188
2.318696
2.307101
2.299855
2.292609
2.285362
2.278116
2.270870
2.270000
2.270000
2.270000
2.270000
2.270000
2.270000
2.270000
2.270000
2.278841
2.293333
2.307826
2.322319
2.336812
2.351964
2.373782
2.395600
2.413285
2.422947
2.432609
2.442271
2.451932
2.461594
2.471256
2.480918
2.491742
2.520780
2.549819
2.578857
2.607895
2.636933
2.665942
2.694928
2.723913
2.745743
2.765670
2.785598
2.805525
2.825453
2.843913
2.858406
2.872899
2.887391
2.901884
2.916377
2.941818
2.970909
3.000000
3.003623
3.007246
3.010870
3.014493
3.018116
3.020000
3.020000
3.020000
3.020000
3.020000
3.020000
3.020000
3.020000
3.020000
3.020000
3.020000
3.020000
3.020000
3.020000
3.020000
3.020000
3.020000
3.020000
3.020000
3.020000
3.020000
3.020000
3.020000
3.020000
3.020000
3.021367
3.023439
3.025510
3.027582
3.029653
3.031724
3.033796
3.035867
3.037939
3.040010
3.042082
3.044153
3.046225
3.048296
3.050368
3.052439
3.054511
3.056582
3.058654
3.061523
3.065874
3.070225
3.074576
3.078927
3.083278
3.087629
3.091980
3.096331
3.100682
3.105033
3.109384
3.113735
3.118086
3.123046
3.128486
3.133926
3.139365
3.144805
3.150245
3.155684
3.161124
3.166564
3.172004
3.177443
3.190562
3.210489
3.230417
3.250344
3.270272
3.290145
3.304664
3.319183
3.333702
3.348221
3.362740
3.395362
3.446087
3.496812
3.520725
3.535217
3.549710
3.564203
3.578696
3.593188
3.607681
3.622174
3.658436
3.720255
3.782073
3.830870
3.874348
3.917826
3.986884
3.994130
4.000000
4.000000
4.000000
4.000000
4.000000
4.000000
4.000000
4.000000
4.000000
4.000000
4.000000
4.000000
4.000000
4.000000
4.000000
4.000000
4.000000
4.000000
4.000000
4.000000
4.000000
4.000000
4.000000
4.000000
4.000000
3.990169
3.963599
3.937029
3.910459
3.883889
3.857319
3.830749
3.804179
3.777062
3.744414
3.711765
3.679117
3.646469
3.613821
3.581173
3.548525
3.515877
3.488441
3.462149
3.435857
3.409565
3.383273
3.356981
3.330689
3.304397
3.278105
3.251813
3.225521
3.211413
3.200543
3.189674
3.178804
3.167935
3.157065
3.146196
3.135326
3.124457
3.113587
3.102717
3.083676
3.061911
3.040145
3.018380
2.996614
2.974849
2.953083
2.931318
2.913043
2.898551
2.884058
2.855172
2.820690
2.786207
2.751724
2.717241
2.684674
2.659312
2.633949
2.608587
2.583225
2.557862
2.532500
2.507138
2.481775
2.456413
2.431051
2.404755
2.373902
2.343049
2.312196
2.281343
2.250490
2.216087
2.179855
2.143623
2.107391
2.071159
2.037971
2.023478
2.008986
1.994493
1.980000
1.965507
1.952503
1.940411
1.928319
1.916227
1.904135
1.892044
1.879952
1.867860
1.857464
1.850217
1.842971
1.835725
1.828478
1.821232
1.816987
1.813358
1.809728
1.806098
1.802468
1.801546
1.806377
1.811208
1.816039
1.820870
1.825700
1.830531
1.835362
1.840290
1.847542
1.854793
1.862045
1.869297
1.876548
1.883800
1.891051
1.898303
1.905555
1.912806
1.920058
1.927310
1.934561
1.942418
1.952092
1.961765
1.971439
1.981112
1.990786
2.000459
2.010133
2.019807
2.028885
2.037951
2.047017
2.056083
2.065150
2.074216
2.083282
2.092348
2.101414
2.110481
2.119547
2.126884
2.134130
2.141377
2.148623
2.155870
2.161559
2.165186
2.168812
2.172439
2.176065
2.179692
2.183318
2.186945
2.190571
2.194198
2.197824
2.201451
2.205077
2.208704
2.212330
2.215956
2.219583
2.223209
2.226836
2.230462
2.234089
2.237715
2.243351
2.252409
2.261467
2.270525
2.279583
2.288641
2.306445
2.325792
2.345139
2.364486
2.383833
2.403180
2.422527
2.441874
2.483623
2.541594
2.599565
2.797826
2.819565
2.841304
2.863043
2.884783
2.907255
2.931439
2.955623
2.979807
3.003990
3.028174
3.052358
3.076542
3.100870
3.129855
3.158841
3.180978
3.184601
3.188225
3.191848
3.195471
3.199094
3.191833
3.180944
3.170054
3.159165
3.148276
3.136522
3.122029
3.107536
3.093043
3.078551
3.064058
3.044329
3.022563
3.000798
2.979033
2.957267
2.935502
2.913736
2.891971
2.863696
2.827464
2.791232
2.752500
2.712645
2.672790
2.656505
2.641995
2.627485
2.612975
2.598464
2.583954
2.569444
2.554933
2.530870
2.501884
2.472899
2.461304
2.451643
2.441981
2.432319
2.422657
2.412995
2.403333
2.393671
2.385499
2.378240
2.370980
2.363721
2.356461
2.350000
2.350000
2.350000
2.350000
2.350000
2.350000
2.351427
2.353845
2.356264
2.358682
2.361100
2.363519
2.365937
2.368356
2.371546
2.376377
2.381208
2.386039
2.390870
2.395700
2.400531
2.405362
2.410436
2.421325
2.432214
2.443103
2.453993
2.464882
2.479601
2.497717
2.515833
2.533949
2.552065
2.570109
2.580978
2.591848
2.602717
2.613587
2.624457
2.640691
2.662509
2.684327
2.702065
2.718370
2.734674
2.750978
2.767283
2.782391
2.793261
2.804130
2.815000
2.825870
2.836739
2.850182
2.864727
2.879273
2.883442
2.887065
2.890688
2.894312
2.897935
2.900000
2.900000
2.900000
2.900000
2.900000
2.900000
2.900000
2.900000
2.899227
2.894393
2.889559
2.884725
2.879891
2.875057
2.870224
2.865390
2.860556
2.855722
2.850888
2.846054
2.841221
2.836387
2.831553
2.826719
2.821885
2.817346
2.812995
2.808644
2.804293
2.799942
2.795591
2.791240
2.786889
2.782538
2.778187
2.773836
2.769485
2.765134
2.760783
2.760000
2.760000
2.760000
2.760000
2.760000
2.760000
2.760000
2.760000
2.760000
2.760000
2.760000
2.753398
2.744933
2.736469
2.728005
2.719541
2.711076
2.702612
2.694148
2.667826
2.624348
2.580870
2.564559
2.557304
2.550048
2.542793
2.535538
2.528283
